100.000000 -0.000011
110.000000 -0.000012
120.000000 -0.000013
130.000000 -0.000014
140.000000 -0.000015
150.000000 -0.000016
160.000000 -0.000017
170.000000 -0.000018
180.000000 -0.000018
190.000000 -0.000019
200.000000 -0.000020
210.000000 -0.000021
220.000000 -0.000022
230.000000 -0.000023
240.000000 -0.000024
250.000000 -0.000025
260.000000 -0.000026
270.000000 -0.000027
280.000000 -0.000028
290.000000 -0.000029
300.000000 -0.000031
310.000000 -0.000032
320.000000 -0.000033
330.000000 -0.000035
340.000000 -0.000036
350.000000 -0.000037
360.000000 -0.000039
370.000000 -0.000041
380.000000 -0.000042
390.000000 -0.000044
400.000000 -0.000046
410.000000 -0.000048
420.000000 -0.000050
430.000000 -0.000052
440.000000 -0.000054
450.000000 -0.000056
460.000000 -0.000059
470.000000 -0.000061
480.000000 -0.000064
490.000000 -0.000066
500.000000 -0.000069
510.000000 -0.000072
520.000000 -0.000075
530.000000 -0.000078
540.000000 -0.000082
550.000000 -0.000085
560.000000 -0.000089
570.000000 -0.000092
580.000000 -0.000096
590.000000 -0.000100
600.000000 -0.000105
610.000000 -0.000109
620.000000 -0.000114
630.000000 -0.000119
640.000000 -0.000124
650.000000 -0.000129
660.000000 -0.000134
670.000000 -0.000140
680.000000 -0.000146
690.000000 -0.000152
700.000000 -0.000159
710.000000 -0.000166
720.000000 -0.000173
730.000000 -0.000180
740.000000 -0.000188
750.000000 -0.000196
760.000000 -0.000204
770.000000 -0.000213
780.000000 -0.000222
790.000000 -0.000231
800.000000 -0.000241
810.000000 -0.000251
820.000000 -0.000262
830.000000 -0.000273
840.000000 -0.000285
850.000000 -0.000297
860.000000 -0.000309
870.000000 -0.000322
880.000000 -0.000336
890.000000 -0.000350
900.000000 -0.000365
910.000000 -0.000380
920.000000 -0.000396
930.000000 -0.000412
940.000000 -0.000429
950.000000 -0.000447
960.000000 -0.000465
970.000000 -0.000484
980.000000 -0.000504
990.000000 -0.000525
1000.000000 -0.000546
1010.000000 -0.000568
1020.000000 -0.000591
1030.000000 -0.000615
1040.000000 -0.000639
1050.000000 -0.000665
1060.000000 -0.000691
1070.000000 -0.000718
1080.000000 -0.000746
1090.000000 -0.000775
1100.000000 -0.000805
1110.000000 -0.000836
1120.000000 -0.000868
1130.000000 -0.000901
1140.000000 -0.000935
1150.000000 -0.000970
1160.000000 -0.001006
1170.000000 -0.001043
1180.000000 -0.001081
1190.000000 -0.001121
1200.000000 -0.001161
1210.000000 -0.001203
1220.000000 -0.001245
1230.000000 -0.001289
1240.000000 -0.001334
1250.000000 -0.001380
1260.000000 -0.001427
1270.000000 -0.001475
1280.000000 -0.001524
1290.000000 -0.001575
1300.000000 -0.001626
1310.000000 -0.001679
1320.000000 -0.001732
1330.000000 -0.001787
1340.000000 -0.001843
1350.000000 -0.001900
1360.000000 -0.001957
1370.000000 -0.002016
1380.000000 -0.002076
1390.000000 -0.002136
1400.000000 -0.002198
1410.000000 -0.002260
1420.000000 -0.002323
1430.000000 -0.002387
1440.000000 -0.002452
1450.000000 -0.002518
1460.000000 -0.002584
1470.000000 -0.002651
1480.000000 -0.002718
1490.000000 -0.002786
1500.000000 -0.002855
1510.000000 -0.002924
1520.000000 -0.002993
1530.000000 -0.003063
1540.000000 -0.003133
1550.000000 -0.003204
1560.000000 -0.003274
1570.000000 -0.003345
1580.000000 -0.003417
1590.000000 -0.003488
1600.000000 -0.003559
1610.000000 -0.003631
1620.000000 -0.003702
1630.000000 -0.003773
1640.000000 -0.003845
1650.000000 -0.003916
1660.000000 -0.003987
1670.000000 -0.004057
1680.000000 -0.004128
1690.000000 -0.004198
1700.000000 -0.004268
1710.000000 -0.004337
1720.000000 -0.004407
1730.000000 -0.004475
1740.000000 -0.004544
1750.000000 -0.004611
1760.000000 -0.004679
1770.000000 -0.004745
1780.000000 -0.004812
1790.000000 -0.004877
1800.000000 -0.004942
1810.000000 -0.005007
1820.000000 -0.005071
1830.000000 -0.005134
1840.000000 -0.005197
1850.000000 -0.005258
1860.000000 -0.005320
1870.000000 -0.005380
1880.000000 -0.005440
1890.000000 -0.005499
1900.000000 -0.005558
1910.000000 -0.005615
1920.000000 -0.005672
1930.000000 -0.005729
1940.000000 -0.005784
1950.000000 -0.005839
1960.000000 -0.005894
1970.000000 -0.005947
1980.000000 -0.006000
1990.000000 -0.006052
2000.000000 -0.006103
2010.000000 -0.006154
2020.000000 -0.006204
2030.000000 -0.006254
2040.000000 -0.006302
2050.000000 -0.006351
2060.000000 -0.006398
2070.000000 -0.006445
2080.000000 -0.006491
2090.000000 -0.006537
2100.000000 -0.006582
2110.000000 -0.006626
2120.000000 -0.006670
2130.000000 -0.006714
2140.000000 -0.006757
2150.000000 -0.006799
2160.000000 -0.006841
2170.000000 -0.006882
2180.000000 -0.006923
2190.000000 -0.006964
2200.000000 -0.007004
2210.000000 -0.007043
2220.000000 -0.007082
2230.000000 -0.007121
2240.000000 -0.007159
2250.000000 -0.007197
2260.000000 -0.007235
2270.000000 -0.007272
2280.000000 -0.007308
2290.000000 -0.007345
2300.000000 -0.007381
2310.000000 -0.007417
2320.000000 -0.007452
2330.000000 -0.007487
2340.000000 -0.007522
2350.000000 -0.007556
2360.000000 -0.007590
2370.000000 -0.007624
2380.000000 -0.007658
2390.000000 -0.007691
2400.000000 -0.007724
2410.000000 -0.007757
2420.000000 -0.007790
2430.000000 -0.007822
2440.000000 -0.007854
2450.000000 -0.007885
2460.000000 -0.007917
2470.000000 -0.007948
2480.000000 -0.007979
2490.000000 -0.008010
2500.000000 -0.008040
2510.000000 -0.008070
2520.000000 -0.008100
2530.000000 -0.008130
2540.000000 -0.008160
2550.000000 -0.008189
2560.000000 -0.008218
2570.000000 -0.008247
2580.000000 -0.008275
2590.000000 -0.008304
2600.000000 -0.008332
2610.000000 -0.008360
2620.000000 -0.008387
2630.000000 -0.008415
2640.000000 -0.008442
2650.000000 -0.008469
2660.000000 -0.008496
2670.000000 -0.008522
2680.000000 -0.008549
2690.000000 -0.008575
2700.000000 -0.008601
2710.000000 -0.008626
2720.000000 -0.008652
2730.000000 -0.008677
2740.000000 -0.008703
2750.000000 -0.008728
2760.000000 -0.008752
2770.000000 -0.008777
2780.000000 -0.008801
2790.000000 -0.008826
2800.000000 -0.008850
2810.000000 -0.008874
2820.000000 -0.008897
2830.000000 -0.008921
2840.000000 -0.008944
2850.000000 -0.008968
2860.000000 -0.008991
2870.000000 -0.009014
2880.000000 -0.009037
2890.000000 -0.009059
2900.000000 -0.009082
2910.000000 -0.009104
2920.000000 -0.009126
2930.000000 -0.009148
2940.000000 -0.009170
2950.000000 -0.009192
2960.000000 -0.009214
2970.000000 -0.009236
2980.000000 -0.009257
2990.000000 -0.009279
3000.000000 -0.009300
3010.000000 -0.009321
3020.000000 -0.009342
3030.000000 -0.009363
3040.000000 -0.009384
3050.000000 -0.009404
3060.000000 -0.009425
3070.000000 -0.009445
3080.000000 -0.009466
3090.000000 -0.009486
3100.000000 -0.009506
3110.000000 -0.009526
3120.000000 -0.009546
3130.000000 -0.009566
3140.000000 -0.009586
3150.000000 -0.009605
3160.000000 -0.009625
3170.000000 -0.009644
3180.000000 -0.009664
3190.000000 -0.009683
3200.000000 -0.009702
3210.000000 -0.009721
3220.000000 -0.009740
3230.000000 -0.009759
3240.000000 -0.009778
3250.000000 -0.009797
3260.000000 -0.009816
3270.000000 -0.009834
3280.000000 -0.009853
3290.000000 -0.009871
3300.000000 -0.009889
3310.000000 -0.009908
3320.000000 -0.009926
3330.000000 -0.009944
3340.000000 -0.009962
3350.000000 -0.009980
3360.000000 -0.009998
3370.000000 -0.010016
3380.000000 -0.010033
3390.000000 -0.010051
3400.000000 -0.010068
3410.000000 -0.010086
3420.000000 -0.010103
3430.000000 -0.010120
3440.000000 -0.010138
3450.000000 -0.010155
3460.000000 -0.010172
3470.000000 -0.010189
3480.000000 -0.010206
3490.000000 -0.010223
3500.000000 -0.010239
3510.000000 -0.010256
3520.000000 -0.010273
3530.000000 -0.010289
3540.000000 -0.010305
3550.000000 -0.010322
3560.000000 -0.010338
3570.000000 -0.010354
3580.000000 -0.010370
3590.000000 -0.010386
3600.000000 -0.010402
3610.000000 -0.010418
3620.000000 -0.010434
3630.000000 -0.010450
3640.000000 -0.010465
3650.000000 -0.010481
3660.000000 -0.010496
3670.000000 -0.010511
3680.000000 -0.010527
3690.000000 -0.010542
3700.000000 -0.010557
3710.000000 -0.010572
3720.000000 -0.010587
3730.000000 -0.010601
3740.000000 -0.010616
3750.000000 -0.010631
3760.000000 -0.010645
3770.000000 -0.010660
3780.000000 -0.010674
3790.000000 -0.010688
3800.000000 -0.010702
3810.000000 -0.010717
3820.000000 -0.010731
3830.000000 -0.010744
3840.000000 -0.010758
3850.000000 -0.010772
3860.000000 -0.010786
3870.000000 -0.010799
3880.000000 -0.010813
3890.000000 -0.010826
3900.000000 -0.010839
3910.000000 -0.010853
3920.000000 -0.010866
3930.000000 -0.010879
3940.000000 -0.010892
3950.000000 -0.010905
3960.000000 -0.010917
3970.000000 -0.010930
3980.000000 -0.010943
3990.000000 -0.010955
4000.000000 -0.010968
4010.000000 -0.010980
4020.000000 -0.010993
4030.000000 -0.011005
4040.000000 -0.011017
4050.000000 -0.011029
4060.000000 -0.011041
4070.000000 -0.011053
4080.000000 -0.011065
4090.000000 -0.011077
4100.000000 -0.011088
4110.000000 -0.011100
4120.000000 -0.011111
4130.000000 -0.011123
4140.000000 -0.011134
4150.000000 -0.011146
4160.000000 -0.011157
4170.000000 -0.011168
4180.000000 -0.011179
4190.000000 -0.011190
4200.000000 -0.011201
4210.000000 -0.011212
4220.000000 -0.011223
4230.000000 -0.011234
4240.000000 -0.011245
4250.000000 -0.011255
4260.000000 -0.011266
4270.000000 -0.011277
4280.000000 -0.011287
4290.000000 -0.011297
4300.000000 -0.011308
4310.000000 -0.011318
4320.000000 -0.011328
4330.000000 -0.011339
4340.000000 -0.011349
4350.000000 -0.011359
4360.000000 -0.011369
4370.000000 -0.011379
4380.000000 -0.011389
4390.000000 -0.011399
4400.000000 -0.011409
4410.000000 -0.011418
4420.000000 -0.011428
4430.000000 -0.011438
4440.000000 -0.011447
4450.000000 -0.011457
4460.000000 -0.011467
4470.000000 -0.011476
4480.000000 -0.011486
4490.000000 -0.011495
4500.000000 -0.011504
4510.000000 -0.011514
4520.000000 -0.011523
4530.000000 -0.011532
4540.000000 -0.011541
4550.000000 -0.011551
4560.000000 -0.011560
4570.000000 -0.011569
4580.000000 -0.011578
4590.000000 -0.011587
4600.000000 -0.011596
4610.000000 -0.011605
4620.000000 -0.011614
4630.000000 -0.011623
4640.000000 -0.011632
4650.000000 -0.011640
4660.000000 -0.011649
4670.000000 -0.011658
4680.000000 -0.011667
4690.000000 -0.011675
4700.000000 -0.011684
4710.000000 -0.011693
4720.000000 -0.011701
4730.000000 -0.011710
4740.000000 -0.011719
4750.000000 -0.011727
4760.000000 -0.011736
4770.000000 -0.011744
4780.000000 -0.011752
4790.000000 -0.011761
4800.000000 -0.011769
4810.000000 -0.011778
4820.000000 -0.011786
4830.000000 -0.011794
4840.000000 -0.011803
4850.000000 -0.011811
4860.000000 -0.011819
4870.000000 -0.011827
4880.000000 -0.011836
4890.000000 -0.011844
4900.000000 -0.011852
4910.000000 -0.011860
4920.000000 -0.011868
4930.000000 -0.011876
4940.000000 -0.011884
4950.000000 -0.011892
4960.000000 -0.011900
4970.000000 -0.011908
4980.000000 -0.011916
4990.000000 -0.011924
5000.000000 -0.011932
5010.000000 -0.011940
5020.000000 -0.011948
5030.000000 -0.011956
5040.000000 -0.011964
5050.000000 -0.011972
5060.000000 -0.011980
5070.000000 -0.011987
5080.000000 -0.011995
5090.000000 -0.012003
5100.000000 -0.012011
5110.000000 -0.012019
5120.000000 -0.012026
5130.000000 -0.012034
5140.000000 -0.012042
5150.000000 -0.012050
5160.000000 -0.012057
5170.000000 -0.012065
5180.000000 -0.012073
5190.000000 -0.012080
5200.000000 -0.012088
5210.000000 -0.012095
5220.000000 -0.012103
5230.000000 -0.012111
5240.000000 -0.012118
5250.000000 -0.012126
5260.000000 -0.012133
5270.000000 -0.012141
5280.000000 -0.012148
5290.000000 -0.012156
5300.000000 -0.012163
5310.000000 -0.012171
5320.000000 -0.012178
5330.000000 -0.012186
5340.000000 -0.012193
5350.000000 -0.012201
5360.000000 -0.012208
5370.000000 -0.012215
5380.000000 -0.012223
5390.000000 -0.012230
5400.000000 -0.012237
5410.000000 -0.012245
5420.000000 -0.012252
5430.000000 -0.012260
5440.000000 -0.012267
5450.000000 -0.012274
5460.000000 -0.012281
5470.000000 -0.012289
5480.000000 -0.012296
5490.000000 -0.012303
5500.000000 -0.012311
5510.000000 -0.012318
5520.000000 -0.012325
5530.000000 -0.012332
5540.000000 -0.012340
5550.000000 -0.012347
5560.000000 -0.012354
5570.000000 -0.012361
5580.000000 -0.012368
5590.000000 -0.012376
5600.000000 -0.012383
5610.000000 -0.012390
5620.000000 -0.012397
5630.000000 -0.012404
5640.000000 -0.012411
5650.000000 -0.012418
5660.000000 -0.012425
5670.000000 -0.012433
5680.000000 -0.012440
5690.000000 -0.012447
5700.000000 -0.012454
5710.000000 -0.012461
5720.000000 -0.012468
5730.000000 -0.012475
5740.000000 -0.012482
5750.000000 -0.012489
5760.000000 -0.012496
5770.000000 -0.012503
5780.000000 -0.012510
5790.000000 -0.012517
5800.000000 -0.012524
5810.000000 -0.012531
5820.000000 -0.012538
5830.000000 -0.012545
5840.000000 -0.012552
5850.000000 -0.012559
5860.000000 -0.012566
5870.000000 -0.012573
5880.000000 -0.012580
5890.000000 -0.012587
5900.000000 -0.012594
5910.000000 -0.012600
5920.000000 -0.012607
5930.000000 -0.012614
5940.000000 -0.012621
5950.000000 -0.012628
5960.000000 -0.012635
5970.000000 -0.012642
5980.000000 -0.012649
5990.000000 -0.012655
6000.000000 -0.012662
6010.000000 -0.012669
6020.000000 -0.012676
6030.000000 -0.012683
6040.000000 -0.012689
6050.000000 -0.012696
6060.000000 -0.012703
6070.000000 -0.012710
6080.000000 -0.012717
6090.000000 -0.012723
6100.000000 -0.012730
6110.000000 -0.012737
6120.000000 -0.012743
6130.000000 -0.012750
6140.000000 -0.012757
6150.000000 -0.012764
6160.000000 -0.012770
6170.000000 -0.012777
6180.000000 -0.012784
6190.000000 -0.012790
6200.000000 -0.012797
6210.000000 -0.012804
6220.000000 -0.012810
6230.000000 -0.012817
6240.000000 -0.012824
6250.000000 -0.012830
6260.000000 -0.012837
6270.000000 -0.012843
6280.000000 -0.012850
6290.000000 -0.012857
6300.000000 -0.012863
6310.000000 -0.012870
6320.000000 -0.012876
6330.000000 -0.012883
6340.000000 -0.012889
6350.000000 -0.012896
6360.000000 -0.012902
6370.000000 -0.012909
6380.000000 -0.012915
6390.000000 -0.012922
6400.000000 -0.012928
6410.000000 -0.012935
6420.000000 -0.012941
6430.000000 -0.012948
6440.000000 -0.012954
6450.000000 -0.012961
6460.000000 -0.012967
6470.000000 -0.012973
6480.000000 -0.012980
6490.000000 -0.012986
6500.000000 -0.012992
6510.000000 -0.012999
6520.000000 -0.013005
6530.000000 -0.013012
6540.000000 -0.013018
6550.000000 -0.013024
6560.000000 -0.013031
6570.000000 -0.013037
6580.000000 -0.013043
6590.000000 -0.013049
6600.000000 -0.013056
6610.000000 -0.013062
6620.000000 -0.013068
6630.000000 -0.013075
6640.000000 -0.013081
6650.000000 -0.013087
6660.000000 -0.013093
6670.000000 -0.013099
6680.000000 -0.013106
6690.000000 -0.013112
6700.000000 -0.013118
6710.000000 -0.013124
6720.000000 -0.013130
6730.000000 -0.013136
6740.000000 -0.013143
6750.000000 -0.013149
6760.000000 -0.013155
6770.000000 -0.013161
6780.000000 -0.013167
6790.000000 -0.013173
6800.000000 -0.013179
6810.000000 -0.013185
6820.000000 -0.013191
6830.000000 -0.013197
6840.000000 -0.013203
6850.000000 -0.013209
6860.000000 -0.013215
6870.000000 -0.013221
6880.000000 -0.013227
6890.000000 -0.013233
6900.000000 -0.013239
6910.000000 -0.013245
6920.000000 -0.013251
6930.000000 -0.013257
6940.000000 -0.013263
6950.000000 -0.013269
6960.000000 -0.013275
6970.000000 -0.013281
6980.000000 -0.013287
6990.000000 -0.013293
7000.000000 -0.013299
7010.000000 -0.013305
7020.000000 -0.013310
7030.000000 -0.013316
7040.000000 -0.013322
7050.000000 -0.013328
7060.000000 -0.013334
7070.000000 -0.013340
7080.000000 -0.013345
7090.000000 -0.013351
7100.000000 -0.013357
7110.000000 -0.013363
7120.000000 -0.013369
7130.000000 -0.013374
7140.000000 -0.013380
7150.000000 -0.013386
7160.000000 -0.013392
7170.000000 -0.013397
7180.000000 -0.013403
7190.000000 -0.013409
7200.000000 -0.013415
7210.000000 -0.013420
7220.000000 -0.013426
7230.000000 -0.013432
7240.000000 -0.013437
7250.000000 -0.013443
7260.000000 -0.013449
7270.000000 -0.013454
7280.000000 -0.013460
7290.000000 -0.013466
7300.000000 -0.013471
7310.000000 -0.013477
7320.000000 -0.013483
7330.000000 -0.013488
7340.000000 -0.013494
7350.000000 -0.013499
7360.000000 -0.013505
7370.000000 -0.013511
7380.000000 -0.013516
7390.000000 -0.013522
7400.000000 -0.013527
7410.000000 -0.013533
7420.000000 -0.013538
7430.000000 -0.013544
7440.000000 -0.013549
7450.000000 -0.013555
7460.000000 -0.013560
7470.000000 -0.013566
7480.000000 -0.013571
7490.000000 -0.013577
7500.000000 -0.013582
7510.000000 -0.013588
7520.000000 -0.013593
7530.000000 -0.013599
7540.000000 -0.013604
7550.000000 -0.013610
7560.000000 -0.013615
7570.000000 -0.013621
7580.000000 -0.013626
7590.000000 -0.013632
7600.000000 -0.013637
7610.000000 -0.013642
7620.000000 -0.013648
7630.000000 -0.013653
7640.000000 -0.013659
7650.000000 -0.013664
7660.000000 -0.013669
7670.000000 -0.013675
7680.000000 -0.013680
7690.000000 -0.013686
7700.000000 -0.013691
7710.000000 -0.013696
7720.000000 -0.013702
7730.000000 -0.013707
7740.000000 -0.013712
7750.000000 -0.013718
7760.000000 -0.013723
7770.000000 -0.013728
7780.000000 -0.013734
7790.000000 -0.013739
7800.000000 -0.013744
7810.000000 -0.013750
7820.000000 -0.013755
7830.000000 -0.013760
7840.000000 -0.013765
7850.000000 -0.013771
7860.000000 -0.013776
7870.000000 -0.013781
7880.000000 -0.013787
7890.000000 -0.013792
7900.000000 -0.013797
7910.000000 -0.013802
7920.000000 -0.013808
7930.000000 -0.013813
7940.000000 -0.013818
7950.000000 -0.013823
7960.000000 -0.013828
7970.000000 -0.013834
7980.000000 -0.013839
7990.000000 -0.013844
8000.000000 -0.013849
8010.000000 -0.013855
8020.000000 -0.013860
8030.000000 -0.013865
8040.000000 -0.013870
8050.000000 -0.013875
8060.000000 -0.013881
8070.000000 -0.013886
8080.000000 -0.013891
8090.000000 -0.013896
8100.000000 -0.013901
8110.000000 -0.013907
8120.000000 -0.013912
8130.000000 -0.013917
8140.000000 -0.013922
8150.000000 -0.013927
8160.000000 -0.013933
8170.000000 -0.013938
8180.000000 -0.013943
8190.000000 -0.013948
8200.000000 -0.013953
8210.000000 -0.013958
8220.000000 -0.013964
8230.000000 -0.013969
8240.000000 -0.013974
8250.000000 -0.013979
8260.000000 -0.013984
8270.000000 -0.013990
8280.000000 -0.013995
8290.000000 -0.014000
8300.000000 -0.014005
8310.000000 -0.014011
8320.000000 -0.014016
8330.000000 -0.014021
8340.000000 -0.014026
8350.000000 -0.014032
8360.000000 -0.014037
8370.000000 -0.014042
8380.000000 -0.014047
8390.000000 -0.014053
8400.000000 -0.014058
8410.000000 -0.014063
8420.000000 -0.014069
8430.000000 -0.014074
8440.000000 -0.014079
8450.000000 -0.014085
8460.000000 -0.014090
8470.000000 -0.014095
8480.000000 -0.014101
8490.000000 -0.014106
8500.000000 -0.014112
8510.000000 -0.014117
8520.000000 -0.014123
8530.000000 -0.014128
8540.000000 -0.014134
8550.000000 -0.014139
8560.000000 -0.014145
8570.000000 -0.014150
8580.000000 -0.014156
8590.000000 -0.014161
8600.000000 -0.014167
8610.000000 -0.014173
8620.000000 -0.014178
8630.000000 -0.014184
8640.000000 -0.014190
8650.000000 -0.014196
8660.000000 -0.014201
8670.000000 -0.014207
8680.000000 -0.014213
8690.000000 -0.014219
8700.000000 -0.014225
8710.000000 -0.014231
8720.000000 -0.014237
8730.000000 -0.014243
8740.000000 -0.014249
8750.000000 -0.014255
8760.000000 -0.014261
8770.000000 -0.014268
8780.000000 -0.014274
8790.000000 -0.014280
8800.000000 -0.014287
8810.000000 -0.014293
8820.000000 -0.014299
8830.000000 -0.014306
8840.000000 -0.014313
8850.000000 -0.014319
8860.000000 -0.014326
8870.000000 -0.014333
8880.000000 -0.014340
8890.000000 -0.014346
8900.000000 -0.014353
8910.000000 -0.014360
8920.000000 -0.014368
8930.000000 -0.014375
8940.000000 -0.014382
8950.000000 -0.014389
8960.000000 -0.014397
8970.000000 -0.014404
8980.000000 -0.014411
8990.000000 -0.014419
9000.000000 -0.014426
9010.000000 -0.014434
9020.000000 -0.014442
9030.000000 -0.014449
9040.000000 -0.014457
9050.000000 -0.014465
9060.000000 -0.014473
9070.000000 -0.014480
9080.000000 -0.014488
9090.000000 -0.014496
9100.000000 -0.014504
9110.000000 -0.014512
9120.000000 -0.014520
9130.000000 -0.014528
9140.000000 -0.014536
9150.000000 -0.014544
9160.000000 -0.014551
9170.000000 -0.014559
9180.000000 -0.014567
9190.000000 -0.014575
9200.000000 -0.014583
9210.000000 -0.014590
9220.000000 -0.014598
9230.000000 -0.014606
9240.000000 -0.014613
9250.000000 -0.014621
9260.000000 -0.014628
9270.000000 -0.014635
9280.000000 -0.014643
9290.000000 -0.014650
9300.000000 -0.014657
9310.000000 -0.014664
9320.000000 -0.014672
9330.000000 -0.014679
9340.000000 -0.014685
9350.000000 -0.014692
9360.000000 -0.014699
9370.000000 -0.014706
9380.000000 -0.014713
9390.000000 -0.014719
9400.000000 -0.014726
9410.000000 -0.014732
9420.000000 -0.014738
9430.000000 -0.014745
9440.000000 -0.014751
9450.000000 -0.014757
9460.000000 -0.014763
9470.000000 -0.014769
9480.000000 -0.014775
9490.000000 -0.014781
9500.000000 -0.014787
9510.000000 -0.014793
9520.000000 -0.014799
9530.000000 -0.014804
9540.000000 -0.014810
9550.000000 -0.014815
9560.000000 -0.014821
9570.000000 -0.014826
9580.000000 -0.014832
9590.000000 -0.014837
9600.000000 -0.014842
9610.000000 -0.014847
9620.000000 -0.014853
9630.000000 -0.014858
9640.000000 -0.014863
9650.000000 -0.014868
9660.000000 -0.014873
9670.000000 -0.014878
9680.000000 -0.014882
9690.000000 -0.014887
9700.000000 -0.014892
9710.000000 -0.014897
9720.000000 -0.014901
9730.000000 -0.014906
9740.000000 -0.014911
9750.000000 -0.014915
9760.000000 -0.014920
9770.000000 -0.014924
9780.000000 -0.014929
9790.000000 -0.014933
9800.000000 -0.014937
9810.000000 -0.014942
9820.000000 -0.014946
9830.000000 -0.014950
9840.000000 -0.014955
9850.000000 -0.014959
9860.000000 -0.014963
9870.000000 -0.014967
9880.000000 -0.014971
9890.000000 -0.014975
9900.000000 -0.014979
9910.000000 -0.014983
9920.000000 -0.014987
9930.000000 -0.014991
9940.000000 -0.014995
9950.000000 -0.014999
9960.000000 -0.015003
9970.000000 -0.015007
9980.000000 -0.015011
9990.000000 -0.015014
10000.000000 -0.015018
10010.000000 -0.015022
10020.000000 -0.015026
10030.000000 -0.015029
10040.000000 -0.015033
10050.000000 -0.015037
10060.000000 -0.015040
10070.000000 -0.015044
10080.000000 -0.015048
10090.000000 -0.015051
10100.000000 -0.015055
10110.000000 -0.015058
10120.000000 -0.015062
10130.000000 -0.015065
10140.000000 -0.015069
10150.000000 -0.015072
10160.000000 -0.015076
10170.000000 -0.015079
10180.000000 -0.015083
10190.000000 -0.015086
10200.000000 -0.015090
10210.000000 -0.015093
10220.000000 -0.015096
10230.000000 -0.015100
10240.000000 -0.015103
10250.000000 -0.015106
10260.000000 -0.015110
10270.000000 -0.015113
10280.000000 -0.015116
10290.000000 -0.015119
10300.000000 -0.015123
10310.000000 -0.015126
10320.000000 -0.015129
10330.000000 -0.015132
10340.000000 -0.015136
10350.000000 -0.015139
10360.000000 -0.015142
10370.000000 -0.015145
10380.000000 -0.015148
10390.000000 -0.015151
10400.000000 -0.015154
10410.000000 -0.015158
10420.000000 -0.015161
10430.000000 -0.015164
10440.000000 -0.015167
10450.000000 -0.015170
10460.000000 -0.015173
10470.000000 -0.015176
10480.000000 -0.015179
10490.000000 -0.015182
10500.000000 -0.015185
10510.000000 -0.015188
10520.000000 -0.015191
10530.000000 -0.015194
10540.000000 -0.015197
10550.000000 -0.015200
10560.000000 -0.015203
10570.000000 -0.015206
10580.000000 -0.015209
10590.000000 -0.015212
10600.000000 -0.015215
10610.000000 -0.015218
10620.000000 -0.015221
10630.000000 -0.015224
10640.000000 -0.015226
10650.000000 -0.015229
10660.000000 -0.015232
10670.000000 -0.015235
10680.000000 -0.015238
10690.000000 -0.015241
10700.000000 -0.015244
10710.000000 -0.015247
10720.000000 -0.015249
10730.000000 -0.015252
10740.000000 -0.015255
10750.000000 -0.015258
10760.000000 -0.015261
10770.000000 -0.015264
10780.000000 -0.015266
10790.000000 -0.015269
10800.000000 -0.015272
10810.000000 -0.015275
10820.000000 -0.015277
10830.000000 -0.015280
10840.000000 -0.015283
10850.000000 -0.015286
10860.000000 -0.015288
10870.000000 -0.015291
10880.000000 -0.015294
10890.000000 -0.015297
10900.000000 -0.015299
10910.000000 -0.015302
10920.000000 -0.015305
10930.000000 -0.015308
10940.000000 -0.015310
10950.000000 -0.015313
10960.000000 -0.015316
10970.000000 -0.015318
10980.000000 -0.015321
10990.000000 -0.015324
11000.000000 -0.015326
11010.000000 -0.015329
11020.000000 -0.015332
11030.000000 -0.015334
11040.000000 -0.015337
11050.000000 -0.015340
11060.000000 -0.015342
11070.000000 -0.015345
11080.000000 -0.015348
11090.000000 -0.015350
11100.000000 -0.015353
11110.000000 -0.015356
11120.000000 -0.015358
11130.000000 -0.015361
11140.000000 -0.015363
11150.000000 -0.015366
11160.000000 -0.015369
11170.000000 -0.015371
11180.000000 -0.015374
11190.000000 -0.015376
11200.000000 -0.015379
11210.000000 -0.015382
11220.000000 -0.015384
11230.000000 -0.015387
11240.000000 -0.015389
11250.000000 -0.015392
11260.000000 -0.015395
11270.000000 -0.015397
11280.000000 -0.015400
11290.000000 -0.015402
11300.000000 -0.015405
11310.000000 -0.015407
11320.000000 -0.015410
11330.000000 -0.015412
11340.000000 -0.015415
11350.000000 -0.015417
11360.000000 -0.015420
11370.000000 -0.015422
11380.000000 -0.015425
11390.000000 -0.015428
11400.000000 -0.015430
11410.000000 -0.015433
11420.000000 -0.015435
11430.000000 -0.015438
11440.000000 -0.015440
11450.000000 -0.015443
11460.000000 -0.015445
11470.000000 -0.015448
11480.000000 -0.015450
11490.000000 -0.015453
11500.000000 -0.015455
11510.000000 -0.015457
11520.000000 -0.015460
11530.000000 -0.015462
11540.000000 -0.015465
11550.000000 -0.015467
11560.000000 -0.015470
11570.000000 -0.015472
11580.000000 -0.015475
11590.000000 -0.015477
11600.000000 -0.015480
11610.000000 -0.015482
11620.000000 -0.015485
11630.000000 -0.015487
11640.000000 -0.015489
11650.000000 -0.015492
11660.000000 -0.015494
11670.000000 -0.015497
11680.000000 -0.015499
11690.000000 -0.015502
11700.000000 -0.015504
11710.000000 -0.015506
11720.000000 -0.015509
11730.000000 -0.015511
11740.000000 -0.015514
11750.000000 -0.015516
11760.000000 -0.015519
11770.000000 -0.015521
11780.000000 -0.015523
11790.000000 -0.015526
11800.000000 -0.015528
11810.000000 -0.015531
11820.000000 -0.015533
11830.000000 -0.015535
11840.000000 -0.015538
11850.000000 -0.015540
11860.000000 -0.015542
11870.000000 -0.015545
11880.000000 -0.015547
11890.000000 -0.015550
11900.000000 -0.015552
11910.000000 -0.015554
11920.000000 -0.015557
11930.000000 -0.015559
11940.000000 -0.015561
11950.000000 -0.015564
11960.000000 -0.015566
11970.000000 -0.015568
11980.000000 -0.015571
11990.000000 -0.015573
12000.000000 -0.015575
12010.000000 -0.015578
12020.000000 -0.015580
12030.000000 -0.015583
12040.000000 -0.015585
12050.000000 -0.015587
12060.000000 -0.015590
12070.000000 -0.015592
12080.000000 -0.015594
12090.000000 -0.015596
12100.000000 -0.015599
12110.000000 -0.015601
12120.000000 -0.015603
12130.000000 -0.015606
12140.000000 -0.015608
12150.000000 -0.015610
12160.000000 -0.015613
12170.000000 -0.015615
12180.000000 -0.015617
12190.000000 -0.015620
12200.000000 -0.015622
12210.000000 -0.015624
12220.000000 -0.015627
12230.000000 -0.015629
12240.000000 -0.015631
12250.000000 -0.015633
12260.000000 -0.015636
12270.000000 -0.015638
12280.000000 -0.015640
12290.000000 -0.015643
12300.000000 -0.015645
12310.000000 -0.015647
12320.000000 -0.015649
12330.000000 -0.015652
12340.000000 -0.015654
12350.000000 -0.015656
12360.000000 -0.015658
12370.000000 -0.015661
12380.000000 -0.015663
12390.000000 -0.015665
12400.000000 -0.015668
12410.000000 -0.015670
12420.000000 -0.015672
12430.000000 -0.015674
12440.000000 -0.015677
12450.000000 -0.015679
12460.000000 -0.015681
12470.000000 -0.015683
12480.000000 -0.015686
12490.000000 -0.015688
12500.000000 -0.015690
12510.000000 -0.015692
12520.000000 -0.015695
12530.000000 -0.015697
12540.000000 -0.015699
12550.000000 -0.015701
12560.000000 -0.015704
12570.000000 -0.015706
12580.000000 -0.015708
12590.000000 -0.015710
12600.000000 -0.015712
12610.000000 -0.015715
12620.000000 -0.015717
12630.000000 -0.015719
12640.000000 -0.015721
12650.000000 -0.015724
12660.000000 -0.015726
12670.000000 -0.015728
12680.000000 -0.015730
12690.000000 -0.015732
12700.000000 -0.015735
12710.000000 -0.015737
12720.000000 -0.015739
12730.000000 -0.015741
12740.000000 -0.015744
12750.000000 -0.015746
12760.000000 -0.015748
12770.000000 -0.015750
12780.000000 -0.015752
12790.000000 -0.015755
12800.000000 -0.015757
12810.000000 -0.015759
12820.000000 -0.015761
12830.000000 -0.015763
12840.000000 -0.015766
12850.000000 -0.015768
12860.000000 -0.015770
12870.000000 -0.015772
12880.000000 -0.015774
12890.000000 -0.015777
12900.000000 -0.015779
12910.000000 -0.015781
12920.000000 -0.015783
12930.000000 -0.015785
12940.000000 -0.015787
12950.000000 -0.015790
12960.000000 -0.015792
12970.000000 -0.015794
12980.000000 -0.015796
12990.000000 -0.015798
13000.000000 -0.015800
13010.000000 -0.015803
13020.000000 -0.015805
13030.000000 -0.015807
13040.000000 -0.015809
13050.000000 -0.015811
13060.000000 -0.015813
13070.000000 -0.015816
13080.000000 -0.015818
13090.000000 -0.015820
13100.000000 -0.015822
13110.000000 -0.015824
13120.000000 -0.015826
13130.000000 -0.015828
13140.000000 -0.015831
13150.000000 -0.015833
13160.000000 -0.015835
13170.000000 -0.015837
13180.000000 -0.015839
13190.000000 -0.015841
13200.000000 -0.015843
13210.000000 -0.015846
13220.000000 -0.015848
13230.000000 -0.015850
13240.000000 -0.015852
13250.000000 -0.015854
13260.000000 -0.015856
13270.000000 -0.015858
13280.000000 -0.015860
13290.000000 -0.015863
13300.000000 -0.015865
13310.000000 -0.015867
13320.000000 -0.015869
13330.000000 -0.015871
13340.000000 -0.015873
13350.000000 -0.015875
13360.000000 -0.015877
13370.000000 -0.015879
13380.000000 -0.015882
13390.000000 -0.015884
13400.000000 -0.015886
13410.000000 -0.015888
13420.000000 -0.015890
13430.000000 -0.015892
13440.000000 -0.015894
13450.000000 -0.015896
13460.000000 -0.015898
13470.000000 -0.015900
13480.000000 -0.015903
13490.000000 -0.015905
13500.000000 -0.015907
13510.000000 -0.015909
13520.000000 -0.015911
13530.000000 -0.015913
13540.000000 -0.015915
13550.000000 -0.015917
13560.000000 -0.015919
13570.000000 -0.015921
13580.000000 -0.015923
13590.000000 -0.015926
13600.000000 -0.015928
13610.000000 -0.015930
13620.000000 -0.015932
13630.000000 -0.015934
13640.000000 -0.015936
13650.000000 -0.015938
13660.000000 -0.015940
13670.000000 -0.015942
13680.000000 -0.015944
13690.000000 -0.015946
13700.000000 -0.015948
13710.000000 -0.015950
13720.000000 -0.015952
13730.000000 -0.015954
13740.000000 -0.015957
13750.000000 -0.015959
13760.000000 -0.015961
13770.000000 -0.015963
13780.000000 -0.015965
13790.000000 -0.015967
13800.000000 -0.015969
13810.000000 -0.015971
13820.000000 -0.015973
13830.000000 -0.015975
13840.000000 -0.015977
13850.000000 -0.015979
13860.000000 -0.015981
13870.000000 -0.015983
13880.000000 -0.015985
13890.000000 -0.015987
13900.000000 -0.015989
13910.000000 -0.015992
13920.000000 -0.015994
13930.000000 -0.015996
13940.000000 -0.015998
13950.000000 -0.016000
13960.000000 -0.016002
13970.000000 -0.016004
13980.000000 -0.016006
13990.000000 -0.016008
14000.000000 -0.016010
14010.000000 -0.016012
14020.000000 -0.016014
14030.000000 -0.016016
14040.000000 -0.016018
14050.000000 -0.016020
14060.000000 -0.016022
14070.000000 -0.016024
14080.000000 -0.016026
14090.000000 -0.016028
14100.000000 -0.016030
14110.000000 -0.016032
14120.000000 -0.016034
14130.000000 -0.016036
14140.000000 -0.016039
14150.000000 -0.016041
14160.000000 -0.016043
14170.000000 -0.016045
14180.000000 -0.016047
14190.000000 -0.016049
14200.000000 -0.016051
14210.000000 -0.016053
14220.000000 -0.016055
14230.000000 -0.016057
14240.000000 -0.016059
14250.000000 -0.016061
14260.000000 -0.016063
14270.000000 -0.016065
14280.000000 -0.016067
14290.000000 -0.016069
14300.000000 -0.016071
14310.000000 -0.016073
14320.000000 -0.016075
14330.000000 -0.016077
14340.000000 -0.016079
14350.000000 -0.016081
14360.000000 -0.016083
14370.000000 -0.016085
14380.000000 -0.016087
14390.000000 -0.016089
14400.000000 -0.016091
14410.000000 -0.016093
14420.000000 -0.016095
14430.000000 -0.016097
14440.000000 -0.016099
14450.000000 -0.016101
14460.000000 -0.016103
14470.000000 -0.016105
14480.000000 -0.016107
14490.000000 -0.016109
14500.000000 -0.016111
14510.000000 -0.016113
14520.000000 -0.016115
14530.000000 -0.016117
14540.000000 -0.016119
14550.000000 -0.016121
14560.000000 -0.016123
14570.000000 -0.016125
14580.000000 -0.016127
14590.000000 -0.016129
14600.000000 -0.016131
14610.000000 -0.016133
14620.000000 -0.016135
14630.000000 -0.016137
14640.000000 -0.016139
14650.000000 -0.016141
14660.000000 -0.016143
14670.000000 -0.016145
14680.000000 -0.016147
14690.000000 -0.016149
14700.000000 -0.016151
14710.000000 -0.016153
14720.000000 -0.016155
14730.000000 -0.016157
14740.000000 -0.016159
14750.000000 -0.016161
14760.000000 -0.016163
14770.000000 -0.016165
14780.000000 -0.016167
14790.000000 -0.016169
14800.000000 -0.016171
14810.000000 -0.016173
14820.000000 -0.016175
14830.000000 -0.016177
14840.000000 -0.016179
14850.000000 -0.016181
14860.000000 -0.016183
14870.000000 -0.016185
14880.000000 -0.016187
14890.000000 -0.016189
14900.000000 -0.016191
14910.000000 -0.016193
14920.000000 -0.016194
14930.000000 -0.016196
14940.000000 -0.016198
14950.000000 -0.016200
14960.000000 -0.016202
14970.000000 -0.016204
14980.000000 -0.016206
14990.000000 -0.016208
15000.000000 -0.016210
15010.000000 -0.016212
15020.000000 -0.016214
15030.000000 -0.016216
15040.000000 -0.016218
15050.000000 -0.016220
15060.000000 -0.016222
15070.000000 -0.016224
15080.000000 -0.016226
15090.000000 -0.016228
15100.000000 -0.016230
15110.000000 -0.016232
15120.000000 -0.016233
15130.000000 -0.016235
15140.000000 -0.016237
15150.000000 -0.016239
15160.000000 -0.016241
15170.000000 -0.016243
15180.000000 -0.016245
15190.000000 -0.016247
15200.000000 -0.016249
15210.000000 -0.016251
15220.000000 -0.016253
15230.000000 -0.016255
15240.000000 -0.016257
15250.000000 -0.016259
15260.000000 -0.016261
15270.000000 -0.016262
15280.000000 -0.016264
15290.000000 -0.016266
15300.000000 -0.016268
15310.000000 -0.016270
15320.000000 -0.016272
15330.000000 -0.016274
15340.000000 -0.016276
15350.000000 -0.016278
15360.000000 -0.016280
15370.000000 -0.016282
15380.000000 -0.016284
15390.000000 -0.016286
15400.000000 -0.016288
15410.000000 -0.016289
15420.000000 -0.016291
15430.000000 -0.016293
15440.000000 -0.016295
15450.000000 -0.016297
15460.000000 -0.016299
15470.000000 -0.016301
15480.000000 -0.016303
15490.000000 -0.016305
15500.000000 -0.016307
15510.000000 -0.016309
15520.000000 -0.016311
15530.000000 -0.016312
15540.000000 -0.016314
15550.000000 -0.016316
15560.000000 -0.016318
15570.000000 -0.016320
15580.000000 -0.016322
15590.000000 -0.016324
15600.000000 -0.016326
15610.000000 -0.016328
15620.000000 -0.016330
15630.000000 -0.016331
15640.000000 -0.016333
15650.000000 -0.016335
15660.000000 -0.016337
15670.000000 -0.016339
15680.000000 -0.016341
15690.000000 -0.016343
15700.000000 -0.016345
15710.000000 -0.016347
15720.000000 -0.016348
15730.000000 -0.016350
15740.000000 -0.016352
15750.000000 -0.016354
15760.000000 -0.016356
15770.000000 -0.016358
15780.000000 -0.016360
15790.000000 -0.016362
15800.000000 -0.016363
15810.000000 -0.016365
15820.000000 -0.016367
15830.000000 -0.016369
15840.000000 -0.016371
15850.000000 -0.016373
15860.000000 -0.016375
15870.000000 -0.016376
15880.000000 -0.016378
15890.000000 -0.016380
15900.000000 -0.016382
15910.000000 -0.016384
15920.000000 -0.016386
15930.000000 -0.016388
15940.000000 -0.016389
15950.000000 -0.016391
15960.000000 -0.016393
15970.000000 -0.016395
15980.000000 -0.016397
15990.000000 -0.016399
16000.000000 -0.016400
16010.000000 -0.016402
16020.000000 -0.016404
16030.000000 -0.016406
16040.000000 -0.016408
16050.000000 -0.016410
16060.000000 -0.016411
16070.000000 -0.016413
16080.000000 -0.016415
16090.000000 -0.016417
16100.000000 -0.016419
16110.000000 -0.016420
16120.000000 -0.016422
16130.000000 -0.016424
16140.000000 -0.016426
16150.000000 -0.016428
16160.000000 -0.016430
16170.000000 -0.016431
16180.000000 -0.016433
16190.000000 -0.016435
16200.000000 -0.016437
16210.000000 -0.016439
16220.000000 -0.016440
16230.000000 -0.016442
16240.000000 -0.016444
16250.000000 -0.016446
16260.000000 -0.016448
16270.000000 -0.016449
16280.000000 -0.016451
16290.000000 -0.016453
16300.000000 -0.016455
16310.000000 -0.016457
16320.000000 -0.016458
16330.000000 -0.016460
16340.000000 -0.016462
16350.000000 -0.016464
16360.000000 -0.016466
16370.000000 -0.016467
16380.000000 -0.016469
16390.000000 -0.016471
16400.000000 -0.016473
16410.000000 -0.016475
16420.000000 -0.016476
16430.000000 -0.016478
16440.000000 -0.016480
16450.000000 -0.016482
16460.000000 -0.016483
16470.000000 -0.016485
16480.000000 -0.016487
16490.000000 -0.016489
16500.000000 -0.016491
16510.000000 -0.016492
16520.000000 -0.016494
16530.000000 -0.016496
16540.000000 -0.016498
16550.000000 -0.016499
16560.000000 -0.016501
16570.000000 -0.016503
16580.000000 -0.016505
16590.000000 -0.016507
16600.000000 -0.016508
16610.000000 -0.016510
16620.000000 -0.016512
16630.000000 -0.016514
16640.000000 -0.016515
16650.000000 -0.016517
16660.000000 -0.016519
16670.000000 -0.016521
16680.000000 -0.016523
16690.000000 -0.016524
16700.000000 -0.016526
16710.000000 -0.016528
16720.000000 -0.016530
16730.000000 -0.016531
16740.000000 -0.016533
16750.000000 -0.016535
16760.000000 -0.016537
16770.000000 -0.016539
16780.000000 -0.016540
16790.000000 -0.016542
16800.000000 -0.016544
16810.000000 -0.016546
16820.000000 -0.016547
16830.000000 -0.016549
16840.000000 -0.016551
16850.000000 -0.016553
16860.000000 -0.016554
16870.000000 -0.016556
16880.000000 -0.016558
16890.000000 -0.016560
16900.000000 -0.016561
16910.000000 -0.016563
16920.000000 -0.016565
16930.000000 -0.016567
16940.000000 -0.016568
16950.000000 -0.016570
16960.000000 -0.016572
16970.000000 -0.016574
16980.000000 -0.016575
16990.000000 -0.016577
17000.000000 -0.016579
17010.000000 -0.016581
17020.000000 -0.016582
17030.000000 -0.016584
17040.000000 -0.016586
17050.000000 -0.016588
17060.000000 -0.016589
17070.000000 -0.016591
17080.000000 -0.016593
17090.000000 -0.016595
17100.000000 -0.016596
17110.000000 -0.016598
17120.000000 -0.016600
17130.000000 -0.016601
17140.000000 -0.016603
17150.000000 -0.016605
17160.000000 -0.016607
17170.000000 -0.016608
17180.000000 -0.016610
17190.000000 -0.016612
17200.000000 -0.016613
17210.000000 -0.016615
17220.000000 -0.016617
17230.000000 -0.016619
17240.000000 -0.016620
17250.000000 -0.016622
17260.000000 -0.016624
17270.000000 -0.016625
17280.000000 -0.016627
17290.000000 -0.016629
17300.000000 -0.016630
17310.000000 -0.016632
17320.000000 -0.016634
17330.000000 -0.016636
17340.000000 -0.016637
17350.000000 -0.016639
17360.000000 -0.016641
17370.000000 -0.016642
17380.000000 -0.016644
17390.000000 -0.016646
17400.000000 -0.016647
17410.000000 -0.016649
17420.000000 -0.016651
17430.000000 -0.016652
17440.000000 -0.016654
17450.000000 -0.016656
17460.000000 -0.016657
17470.000000 -0.016659
17480.000000 -0.016661
17490.000000 -0.016662
17500.000000 -0.016664
17510.000000 -0.016666
17520.000000 -0.016667
17530.000000 -0.016669
17540.000000 -0.016671
17550.000000 -0.016672
17560.000000 -0.016674
17570.000000 -0.016675
17580.000000 -0.016677
17590.000000 -0.016679
17600.000000 -0.016680
17610.000000 -0.016682
17620.000000 -0.016684
17630.000000 -0.016685
17640.000000 -0.016687
17650.000000 -0.016688
17660.000000 -0.016690
17670.000000 -0.016692
17680.000000 -0.016693
17690.000000 -0.016695
17700.000000 -0.016697
17710.000000 -0.016698
17720.000000 -0.016700
17730.000000 -0.016701
17740.000000 -0.016703
17750.000000 -0.016705
17760.000000 -0.016706
17770.000000 -0.016708
17780.000000 -0.016709
17790.000000 -0.016711
17800.000000 -0.016713
17810.000000 -0.016714
17820.000000 -0.016716
17830.000000 -0.016717
17840.000000 -0.016719
17850.000000 -0.016721
17860.000000 -0.016722
17870.000000 -0.016724
17880.000000 -0.016725
17890.000000 -0.016727
17900.000000 -0.016728
17910.000000 -0.016730
17920.000000 -0.016732
17930.000000 -0.016733
17940.000000 -0.016735
17950.000000 -0.016736
17960.000000 -0.016738
17970.000000 -0.016739
17980.000000 -0.016741
17990.000000 -0.016743
18000.000000 -0.016744
18010.000000 -0.016746
18020.000000 -0.016747
18030.000000 -0.016749
18040.000000 -0.016750
18050.000000 -0.016752
18060.000000 -0.016753
18070.000000 -0.016755
18080.000000 -0.016756
18090.000000 -0.016758
18100.000000 -0.016760
18110.000000 -0.016761
18120.000000 -0.016763
18130.000000 -0.016764
18140.000000 -0.016766
18150.000000 -0.016767
18160.000000 -0.016769
18170.000000 -0.016770
18180.000000 -0.016772
18190.000000 -0.016773
18200.000000 -0.016775
18210.000000 -0.016776
18220.000000 -0.016778
18230.000000 -0.016779
18240.000000 -0.016781
18250.000000 -0.016782
18260.000000 -0.016784
18270.000000 -0.016785
18280.000000 -0.016787
18290.000000 -0.016788
18300.000000 -0.016790
18310.000000 -0.016791
18320.000000 -0.016793
18330.000000 -0.016794
18340.000000 -0.016796
18350.000000 -0.016797
18360.000000 -0.016799
18370.000000 -0.016800
18380.000000 -0.016802
18390.000000 -0.016803
18400.000000 -0.016805
18410.000000 -0.016806
18420.000000 -0.016808
18430.000000 -0.016809
18440.000000 -0.016811
18450.000000 -0.016812
18460.000000 -0.016814
18470.000000 -0.016815
18480.000000 -0.016817
18490.000000 -0.016818
18500.000000 -0.016820
18510.000000 -0.016821
18520.000000 -0.016822
18530.000000 -0.016824
18540.000000 -0.016825
18550.000000 -0.016827
18560.000000 -0.016828
18570.000000 -0.016830
18580.000000 -0.016831
18590.000000 -0.016833
18600.000000 -0.016834
18610.000000 -0.016836
18620.000000 -0.016837
18630.000000 -0.016838
18640.000000 -0.016840
18650.000000 -0.016841
18660.000000 -0.016843
18670.000000 -0.016844
18680.000000 -0.016846
18690.000000 -0.016847
18700.000000 -0.016848
18710.000000 -0.016850
18720.000000 -0.016851
18730.000000 -0.016853
18740.000000 -0.016854
18750.000000 -0.016856
18760.000000 -0.016857
18770.000000 -0.016858
18780.000000 -0.016860
18790.000000 -0.016861
18800.000000 -0.016863
18810.000000 -0.016864
18820.000000 -0.016865
18830.000000 -0.016867
18840.000000 -0.016868
18850.000000 -0.016870
18860.000000 -0.016871
18870.000000 -0.016872
18880.000000 -0.016874
18890.000000 -0.016875
18900.000000 -0.016877
18910.000000 -0.016878
18920.000000 -0.016879
18930.000000 -0.016881
18940.000000 -0.016882
18950.000000 -0.016884
18960.000000 -0.016885
18970.000000 -0.016886
18980.000000 -0.016888
18990.000000 -0.016889
19000.000000 -0.016890
19010.000000 -0.016892
19020.000000 -0.016893
19030.000000 -0.016894
19040.000000 -0.016896
19050.000000 -0.016897
19060.000000 -0.016899
19070.000000 -0.016900
19080.000000 -0.016901
19090.000000 -0.016903
19100.000000 -0.016904
19110.000000 -0.016905
19120.000000 -0.016907
19130.000000 -0.016908
19140.000000 -0.016909
19150.000000 -0.016911
19160.000000 -0.016912
19170.000000 -0.016913
19180.000000 -0.016915
19190.000000 -0.016916
19200.000000 -0.016917
19210.000000 -0.016919
19220.000000 -0.016920
19230.000000 -0.016921
19240.000000 -0.016923
19250.000000 -0.016924
19260.000000 -0.016925
19270.000000 -0.016927
19280.000000 -0.016928
19290.000000 -0.016929
19300.000000 -0.016930
19310.000000 -0.016932
19320.000000 -0.016933
19330.000000 -0.016934
19340.000000 -0.016936
19350.000000 -0.016937
19360.000000 -0.016938
19370.000000 -0.016940
19380.000000 -0.016941
19390.000000 -0.016942
19400.000000 -0.016943
19410.000000 -0.016945
19420.000000 -0.016946
19430.000000 -0.016947
19440.000000 -0.016949
19450.000000 -0.016950
19460.000000 -0.016951
19470.000000 -0.016952
19480.000000 -0.016954
19490.000000 -0.016955
19500.000000 -0.016956
19510.000000 -0.016958
19520.000000 -0.016959
19530.000000 -0.016960
19540.000000 -0.016961
19550.000000 -0.016963
19560.000000 -0.016964
19570.000000 -0.016965
19580.000000 -0.016966
19590.000000 -0.016968
19600.000000 -0.016969
19610.000000 -0.016970
19620.000000 -0.016972
19630.000000 -0.016973
19640.000000 -0.016974
19650.000000 -0.016975
19660.000000 -0.016977
19670.000000 -0.016978
19680.000000 -0.016979
19690.000000 -0.016980
19700.000000 -0.016982
19710.000000 -0.016983
19720.000000 -0.016984
19730.000000 -0.016985
19740.000000 -0.016987
19750.000000 -0.016988
19760.000000 -0.016989
19770.000000 -0.016990
19780.000000 -0.016992
19790.000000 -0.016993
19800.000000 -0.016994
19810.000000 -0.016995
19820.000000 -0.016996
19830.000000 -0.016998
19840.000000 -0.016999
19850.000000 -0.017000
19860.000000 -0.017001
19870.000000 -0.017003
19880.000000 -0.017004
19890.000000 -0.017005
19900.000000 -0.017006
19910.000000 -0.017008
19920.000000 -0.017009
19930.000000 -0.017010
19940.000000 -0.017011
19950.000000 -0.017012
19960.000000 -0.017014
19970.000000 -0.017015
19980.000000 -0.017016
19990.000000 -0.017017
20000.000000 -0.017019
20010.000000 -0.017020
20020.000000 -0.017021
20030.000000 -0.017022
20040.000000 -0.017023
20050.000000 -0.017025
20060.000000 -0.017026
20070.000000 -0.017027
20080.000000 -0.017028
20090.000000 -0.017029
20100.000000 -0.017031
20110.000000 -0.017032
20120.000000 -0.017033
20130.000000 -0.017034
20140.000000 -0.017035
20150.000000 -0.017037
20160.000000 -0.017038
20170.000000 -0.017039
20180.000000 -0.017040
20190.000000 -0.017041
20200.000000 -0.017043
20210.000000 -0.017044
20220.000000 -0.017045
20230.000000 -0.017046
20240.000000 -0.017047
20250.000000 -0.017049
20260.000000 -0.017050
20270.000000 -0.017051
20280.000000 -0.017052
20290.000000 -0.017053
20300.000000 -0.017054
20310.000000 -0.017056
20320.000000 -0.017057
20330.000000 -0.017058
20340.000000 -0.017059
20350.000000 -0.017060
20360.000000 -0.017061
20370.000000 -0.017063
20380.000000 -0.017064
20390.000000 -0.017065
20400.000000 -0.017066
20410.000000 -0.017067
20420.000000 -0.017068
20430.000000 -0.017070
20440.000000 -0.017071
20450.000000 -0.017072
20460.000000 -0.017073
20470.000000 -0.017074
20480.000000 -0.017075
20490.000000 -0.017076
20500.000000 -0.017078
20510.000000 -0.017079
20520.000000 -0.017080
20530.000000 -0.017081
20540.000000 -0.017082
20550.000000 -0.017083
20560.000000 -0.017085
20570.000000 -0.017086
20580.000000 -0.017087
20590.000000 -0.017088
20600.000000 -0.017089
20610.000000 -0.017090
20620.000000 -0.017091
20630.000000 -0.017092
20640.000000 -0.017094
20650.000000 -0.017095
20660.000000 -0.017096
20670.000000 -0.017097
20680.000000 -0.017098
20690.000000 -0.017099
20700.000000 -0.017100
20710.000000 -0.017101
20720.000000 -0.017103
20730.000000 -0.017104
20740.000000 -0.017105
20750.000000 -0.017106
20760.000000 -0.017107
20770.000000 -0.017108
20780.000000 -0.017109
20790.000000 -0.017110
20800.000000 -0.017111
20810.000000 -0.017112
20820.000000 -0.017114
20830.000000 -0.017115
20840.000000 -0.017116
20850.000000 -0.017117
20860.000000 -0.017118
20870.000000 -0.017119
20880.000000 -0.017120
20890.000000 -0.017121
20900.000000 -0.017122
20910.000000 -0.017123
20920.000000 -0.017124
20930.000000 -0.017126
20940.000000 -0.017127
20950.000000 -0.017128
20960.000000 -0.017129
20970.000000 -0.017130
20980.000000 -0.017131
20990.000000 -0.017132
21000.000000 -0.017133
21010.000000 -0.017134
21020.000000 -0.017135
21030.000000 -0.017136
21040.000000 -0.017137
21050.000000 -0.017138
21060.000000 -0.017140
21070.000000 -0.017141
21080.000000 -0.017142
21090.000000 -0.017143
21100.000000 -0.017144
21110.000000 -0.017145
21120.000000 -0.017146
21130.000000 -0.017147
21140.000000 -0.017148
21150.000000 -0.017149
21160.000000 -0.017150
21170.000000 -0.017151
21180.000000 -0.017152
21190.000000 -0.017153
21200.000000 -0.017154
21210.000000 -0.017155
21220.000000 -0.017156
21230.000000 -0.017157
21240.000000 -0.017159
21250.000000 -0.017160
21260.000000 -0.017161
21270.000000 -0.017162
21280.000000 -0.017163
21290.000000 -0.017164
21300.000000 -0.017165
21310.000000 -0.017166
21320.000000 -0.017167
21330.000000 -0.017168
21340.000000 -0.017169
21350.000000 -0.017170
21360.000000 -0.017171
21370.000000 -0.017172
21380.000000 -0.017173
21390.000000 -0.017174
21400.000000 -0.017175
21410.000000 -0.017176
21420.000000 -0.017177
21430.000000 -0.017178
21440.000000 -0.017179
21450.000000 -0.017180
21460.000000 -0.017181
21470.000000 -0.017182
21480.000000 -0.017183
21490.000000 -0.017184
21500.000000 -0.017185
21510.000000 -0.017186
21520.000000 -0.017187
21530.000000 -0.017188
21540.000000 -0.017189
21550.000000 -0.017190
21560.000000 -0.017191
21570.000000 -0.017192
21580.000000 -0.017193
21590.000000 -0.017194
21600.000000 -0.017195
21610.000000 -0.017196
21620.000000 -0.017197
21630.000000 -0.017198
21640.000000 -0.017200
21650.000000 -0.017201
21660.000000 -0.017202
21670.000000 -0.017203
21680.000000 -0.017204
21690.000000 -0.017205
21700.000000 -0.017206
21710.000000 -0.017207
21720.000000 -0.017208
21730.000000 -0.017209
21740.000000 -0.017210
21750.000000 -0.017211
21760.000000 -0.017212
21770.000000 -0.017213
21780.000000 -0.017214
21790.000000 -0.017215
21800.000000 -0.017216
21810.000000 -0.017217
21820.000000 -0.017218
21830.000000 -0.017219
21840.000000 -0.017219
21850.000000 -0.017220
21860.000000 -0.017221
21870.000000 -0.017222
21880.000000 -0.017223
21890.000000 -0.017224
21900.000000 -0.017225
21910.000000 -0.017226
21920.000000 -0.017227
21930.000000 -0.017228
21940.000000 -0.017229
21950.000000 -0.017230
21960.000000 -0.017231
21970.000000 -0.017232
21980.000000 -0.017233
21990.000000 -0.017234
22000.000000 -0.017235
22010.000000 -0.017236
22020.000000 -0.017237
22030.000000 -0.017238
22040.000000 -0.017239
22050.000000 -0.017240
22060.000000 -0.017241
22070.000000 -0.017242
22080.000000 -0.017243
22090.000000 -0.017244
22100.000000 -0.017245
22110.000000 -0.017246
22120.000000 -0.017247
22130.000000 -0.017248
22140.000000 -0.017249
22150.000000 -0.017250
22160.000000 -0.017251
22170.000000 -0.017252
22180.000000 -0.017253
22190.000000 -0.017254
22200.000000 -0.017255
22210.000000 -0.017256
22220.000000 -0.017257
22230.000000 -0.017257
22240.000000 -0.017258
22250.000000 -0.017259
22260.000000 -0.017260
22270.000000 -0.017261
22280.000000 -0.017262
22290.000000 -0.017263
22300.000000 -0.017264
22310.000000 -0.017265
22320.000000 -0.017266
22330.000000 -0.017267
22340.000000 -0.017268
22350.000000 -0.017269
22360.000000 -0.017270
22370.000000 -0.017271
22380.000000 -0.017272
22390.000000 -0.017273
22400.000000 -0.017274
22410.000000 -0.017275
22420.000000 -0.017276
22430.000000 -0.017276
22440.000000 -0.017277
22450.000000 -0.017278
22460.000000 -0.017279
22470.000000 -0.017280
22480.000000 -0.017281
22490.000000 -0.017282
22500.000000 -0.017283
22510.000000 -0.017284
22520.000000 -0.017285
22530.000000 -0.017286
22540.000000 -0.017287
22550.000000 -0.017288
22560.000000 -0.017289
22570.000000 -0.017290
22580.000000 -0.017290
22590.000000 -0.017291
22600.000000 -0.017292
22610.000000 -0.017293
22620.000000 -0.017294
22630.000000 -0.017295
22640.000000 -0.017296
22650.000000 -0.017297
22660.000000 -0.017298
22670.000000 -0.017299
22680.000000 -0.017300
22690.000000 -0.017301
22700.000000 -0.017302
22710.000000 -0.017302
22720.000000 -0.017303
22730.000000 -0.017304
22740.000000 -0.017305
22750.000000 -0.017306
22760.000000 -0.017307
22770.000000 -0.017308
22780.000000 -0.017309
22790.000000 -0.017310
22800.000000 -0.017311
22810.000000 -0.017312
22820.000000 -0.017312
22830.000000 -0.017313
22840.000000 -0.017314
22850.000000 -0.017315
22860.000000 -0.017316
22870.000000 -0.017317
22880.000000 -0.017318
22890.000000 -0.017319
22900.000000 -0.017320
22910.000000 -0.017321
22920.000000 -0.017321
22930.000000 -0.017322
22940.000000 -0.017323
22950.000000 -0.017324
22960.000000 -0.017325
22970.000000 -0.017326
22980.000000 -0.017327
22990.000000 -0.017328
23000.000000 -0.017329
23010.000000 -0.017330
23020.000000 -0.017330
23030.000000 -0.017331
23040.000000 -0.017332
23050.000000 -0.017333
23060.000000 -0.017334
23070.000000 -0.017335
23080.000000 -0.017336
23090.000000 -0.017337
23100.000000 -0.017338
23110.000000 -0.017338
23120.000000 -0.017339
23130.000000 -0.017340
23140.000000 -0.017341
23150.000000 -0.017342
23160.000000 -0.017343
23170.000000 -0.017344
23180.000000 -0.017345
23190.000000 -0.017346
23200.000000 -0.017346
23210.000000 -0.017347
23220.000000 -0.017348
23230.000000 -0.017349
23240.000000 -0.017350
23250.000000 -0.017351
23260.000000 -0.017352
23270.000000 -0.017353
23280.000000 -0.017353
23290.000000 -0.017354
23300.000000 -0.017355
23310.000000 -0.017356
23320.000000 -0.017357
23330.000000 -0.017358
23340.000000 -0.017359
23350.000000 -0.017360
23360.000000 -0.017360
23370.000000 -0.017361
23380.000000 -0.017362
23390.000000 -0.017363
23400.000000 -0.017364
23410.000000 -0.017365
23420.000000 -0.017366
23430.000000 -0.017367
23440.000000 -0.017367
23450.000000 -0.017368
23460.000000 -0.017369
23470.000000 -0.017370
23480.000000 -0.017371
23490.000000 -0.017372
23500.000000 -0.017373
23510.000000 -0.017373
23520.000000 -0.017374
23530.000000 -0.017375
23540.000000 -0.017376
23550.000000 -0.017377
23560.000000 -0.017378
23570.000000 -0.017379
23580.000000 -0.017380
23590.000000 -0.017380
23600.000000 -0.017381
23610.000000 -0.017382
23620.000000 -0.017383
23630.000000 -0.017384
23640.000000 -0.017385
23650.000000 -0.017386
23660.000000 -0.017386
23670.000000 -0.017387
23680.000000 -0.017388
23690.000000 -0.017389
23700.000000 -0.017390
23710.000000 -0.017391
23720.000000 -0.017392
23730.000000 -0.017392
23740.000000 -0.017393
23750.000000 -0.017394
23760.000000 -0.017395
23770.000000 -0.017396
23780.000000 -0.017397
23790.000000 -0.017397
23800.000000 -0.017398
23810.000000 -0.017399
23820.000000 -0.017400
23830.000000 -0.017401
23840.000000 -0.017402
23850.000000 -0.017403
23860.000000 -0.017403
23870.000000 -0.017404
23880.000000 -0.017405
23890.000000 -0.017406
23900.000000 -0.017407
23910.000000 -0.017408
23920.000000 -0.017408
23930.000000 -0.017409
23940.000000 -0.017410
23950.000000 -0.017411
23960.000000 -0.017412
23970.000000 -0.017413
23980.000000 -0.017413
23990.000000 -0.017414
24000.000000 -0.017415
24010.000000 -0.017416
24020.000000 -0.017417
24030.000000 -0.017418
24040.000000 -0.017418
24050.000000 -0.017419
24060.000000 -0.017420
24070.000000 -0.017421
24080.000000 -0.017422
24090.000000 -0.017423
24100.000000 -0.017423
24110.000000 -0.017424
24120.000000 -0.017425
24130.000000 -0.017426
24140.000000 -0.017427
24150.000000 -0.017428
24160.000000 -0.017428
24170.000000 -0.017429
24180.000000 -0.017430
24190.000000 -0.017431
24200.000000 -0.017432
24210.000000 -0.017432
24220.000000 -0.017433
24230.000000 -0.017434
24240.000000 -0.017435
24250.000000 -0.017436
24260.000000 -0.017437
24270.000000 -0.017437
24280.000000 -0.017438
24290.000000 -0.017439
24300.000000 -0.017440
24310.000000 -0.017441
24320.000000 -0.017441
24330.000000 -0.017442
24340.000000 -0.017443
24350.000000 -0.017444
24360.000000 -0.017445
24370.000000 -0.017445
24380.000000 -0.017446
24390.000000 -0.017447
24400.000000 -0.017448
24410.000000 -0.017449
24420.000000 -0.017450
24430.000000 -0.017450
24440.000000 -0.017451
24450.000000 -0.017452
24460.000000 -0.017453
24470.000000 -0.017454
24480.000000 -0.017454
24490.000000 -0.017455
24500.000000 -0.017456
24510.000000 -0.017457
24520.000000 -0.017458
24530.000000 -0.017458
24540.000000 -0.017459
24550.000000 -0.017460
24560.000000 -0.017461
24570.000000 -0.017462
24580.000000 -0.017462
24590.000000 -0.017463
24600.000000 -0.017464
24610.000000 -0.017465
24620.000000 -0.017465
24630.000000 -0.017466
24640.000000 -0.017467
24650.000000 -0.017468
24660.000000 -0.017469
24670.000000 -0.017469
24680.000000 -0.017470
24690.000000 -0.017471
24700.000000 -0.017472
24710.000000 -0.017473
24720.000000 -0.017473
24730.000000 -0.017474
24740.000000 -0.017475
24750.000000 -0.017476
24760.000000 -0.017477
24770.000000 -0.017477
24780.000000 -0.017478
24790.000000 -0.017479
24800.000000 -0.017480
24810.000000 -0.017480
24820.000000 -0.017481
24830.000000 -0.017482
24840.000000 -0.017483
24850.000000 -0.017484
24860.000000 -0.017484
24870.000000 -0.017485
24880.000000 -0.017486
24890.000000 -0.017487
24900.000000 -0.017487
24910.000000 -0.017488
24920.000000 -0.017489
24930.000000 -0.017490
24940.000000 -0.017491
24950.000000 -0.017491
24960.000000 -0.017492
24970.000000 -0.017493
24980.000000 -0.017494
24990.000000 -0.017494
25000.000000 -0.017495
25010.000000 -0.017496
25020.000000 -0.017497
25030.000000 -0.017497
25040.000000 -0.017498
25050.000000 -0.017499
25060.000000 -0.017500
25070.000000 -0.017501
25080.000000 -0.017501
25090.000000 -0.017502
25100.000000 -0.017503
25110.000000 -0.017504
25120.000000 -0.017504
25130.000000 -0.017505
25140.000000 -0.017506
25150.000000 -0.017507
25160.000000 -0.017507
25170.000000 -0.017508
25180.000000 -0.017509
25190.000000 -0.017510
25200.000000 -0.017510
25210.000000 -0.017511
25220.000000 -0.017512
25230.000000 -0.017513
25240.000000 -0.017513
25250.000000 -0.017514
25260.000000 -0.017515
25270.000000 -0.017516
25280.000000 -0.017517
25290.000000 -0.017517
25300.000000 -0.017518
25310.000000 -0.017519
25320.000000 -0.017520
25330.000000 -0.017520
25340.000000 -0.017521
25350.000000 -0.017522
25360.000000 -0.017523
25370.000000 -0.017523
25380.000000 -0.017524
25390.000000 -0.017525
25400.000000 -0.017526
25410.000000 -0.017526
25420.000000 -0.017527
25430.000000 -0.017528
25440.000000 -0.017529
25450.000000 -0.017529
25460.000000 -0.017530
25470.000000 -0.017531
25480.000000 -0.017532
25490.000000 -0.017532
25500.000000 -0.017533
25510.000000 -0.017534
25520.000000 -0.017535
25530.000000 -0.017535
25540.000000 -0.017536
25550.000000 -0.017537
25560.000000 -0.017538
25570.000000 -0.017538
25580.000000 -0.017539
25590.000000 -0.017540
25600.000000 -0.017541
25610.000000 -0.017541
25620.000000 -0.017542
25630.000000 -0.017543
25640.000000 -0.017544
25650.000000 -0.017544
25660.000000 -0.017545
25670.000000 -0.017546
25680.000000 -0.017547
25690.000000 -0.017547
25700.000000 -0.017548
25710.000000 -0.017549
25720.000000 -0.017550
25730.000000 -0.017550
25740.000000 -0.017551
25750.000000 -0.017552
25760.000000 -0.017553
25770.000000 -0.017553
25780.000000 -0.017554
25790.000000 -0.017555
25800.000000 -0.017556
25810.000000 -0.017556
25820.000000 -0.017557
25830.000000 -0.017558
25840.000000 -0.017559
25850.000000 -0.017559
25860.000000 -0.017560
25870.000000 -0.017561
25880.000000 -0.017562
25890.000000 -0.017562
25900.000000 -0.017563
25910.000000 -0.017564
25920.000000 -0.017564
25930.000000 -0.017565
25940.000000 -0.017566
25950.000000 -0.017567
25960.000000 -0.017567
25970.000000 -0.017568
25980.000000 -0.017569
25990.000000 -0.017570
26000.000000 -0.017570
26010.000000 -0.017571
26020.000000 -0.017572
26030.000000 -0.017573
26040.000000 -0.017573
26050.000000 -0.017574
26060.000000 -0.017575
26070.000000 -0.017576
26080.000000 -0.017576
26090.000000 -0.017577
26100.000000 -0.017578
26110.000000 -0.017579
26120.000000 -0.017579
26130.000000 -0.017580
26140.000000 -0.017581
26150.000000 -0.017581
26160.000000 -0.017582
26170.000000 -0.017583
26180.000000 -0.017584
26190.000000 -0.017584
26200.000000 -0.017585
26210.000000 -0.017586
26220.000000 -0.017587
26230.000000 -0.017587
26240.000000 -0.017588
26250.000000 -0.017589
26260.000000 -0.017590
26270.000000 -0.017590
26280.000000 -0.017591
26290.000000 -0.017592
26300.000000 -0.017593
26310.000000 -0.017593
26320.000000 -0.017594
26330.000000 -0.017595
26340.000000 -0.017595
26350.000000 -0.017596
26360.000000 -0.017597
26370.000000 -0.017598
26380.000000 -0.017598
26390.000000 -0.017599
26400.000000 -0.017600
26410.000000 -0.017601
26420.000000 -0.017601
26430.000000 -0.017602
26440.000000 -0.017603
26450.000000 -0.017603
26460.000000 -0.017604
26470.000000 -0.017605
26480.000000 -0.017606
26490.000000 -0.017606
26500.000000 -0.017607
26510.000000 -0.017608
26520.000000 -0.017609
26530.000000 -0.017609
26540.000000 -0.017610
26550.000000 -0.017611
26560.000000 -0.017611
26570.000000 -0.017612
26580.000000 -0.017613
26590.000000 -0.017614
26600.000000 -0.017614
26610.000000 -0.017615
26620.000000 -0.017616
26630.000000 -0.017617
26640.000000 -0.017617
26650.000000 -0.017618
26660.000000 -0.017619
26670.000000 -0.017619
26680.000000 -0.017620
26690.000000 -0.017621
26700.000000 -0.017622
26710.000000 -0.017622
26720.000000 -0.017623
26730.000000 -0.017624
26740.000000 -0.017625
26750.000000 -0.017625
26760.000000 -0.017626
26770.000000 -0.017627
26780.000000 -0.017627
26790.000000 -0.017628
26800.000000 -0.017629
26810.000000 -0.017630
26820.000000 -0.017630
26830.000000 -0.017631
26840.000000 -0.017632
26850.000000 -0.017632
26860.000000 -0.017633
26870.000000 -0.017634
26880.000000 -0.017635
26890.000000 -0.017635
26900.000000 -0.017636
26910.000000 -0.017637
26920.000000 -0.017637
26930.000000 -0.017638
26940.000000 -0.017639
26950.000000 -0.017640
26960.000000 -0.017640
26970.000000 -0.017641
26980.000000 -0.017642
26990.000000 -0.017642
27000.000000 -0.017643
27010.000000 -0.017644
27020.000000 -0.017645
27030.000000 -0.017645
27040.000000 -0.017646
27050.000000 -0.017647
27060.000000 -0.017647
27070.000000 -0.017648
27080.000000 -0.017649
27090.000000 -0.017650
27100.000000 -0.017650
27110.000000 -0.017651
27120.000000 -0.017652
27130.000000 -0.017652
27140.000000 -0.017653
27150.000000 -0.017654
27160.000000 -0.017655
27170.000000 -0.017655
27180.000000 -0.017656
27190.000000 -0.017657
27200.000000 -0.017657
27210.000000 -0.017658
27220.000000 -0.017659
27230.000000 -0.017659
27240.000000 -0.017660
27250.000000 -0.017661
27260.000000 -0.017662
27270.000000 -0.017662
27280.000000 -0.017663
27290.000000 -0.017664
27300.000000 -0.017664
27310.000000 -0.017665
27320.000000 -0.017666
27330.000000 -0.017667
27340.000000 -0.017667
27350.000000 -0.017668
27360.000000 -0.017669
27370.000000 -0.017669
27380.000000 -0.017670
27390.000000 -0.017671
27400.000000 -0.017671
27410.000000 -0.017672
27420.000000 -0.017673
27430.000000 -0.017674
27440.000000 -0.017674
27450.000000 -0.017675
27460.000000 -0.017676
27470.000000 -0.017676
27480.000000 -0.017677
27490.000000 -0.017678
27500.000000 -0.017678
27510.000000 -0.017679
27520.000000 -0.017680
27530.000000 -0.017681
27540.000000 -0.017681
27550.000000 -0.017682
27560.000000 -0.017683
27570.000000 -0.017683
27580.000000 -0.017684
27590.000000 -0.017685
27600.000000 -0.017685
27610.000000 -0.017686
27620.000000 -0.017687
27630.000000 -0.017687
27640.000000 -0.017688
27650.000000 -0.017689
27660.000000 -0.017690
27670.000000 -0.017690
27680.000000 -0.017691
27690.000000 -0.017692
27700.000000 -0.017692
27710.000000 -0.017693
27720.000000 -0.017694
27730.000000 -0.017694
27740.000000 -0.017695
27750.000000 -0.017696
27760.000000 -0.017696
27770.000000 -0.017697
27780.000000 -0.017698
27790.000000 -0.017699
27800.000000 -0.017699
27810.000000 -0.017700
27820.000000 -0.017701
27830.000000 -0.017701
27840.000000 -0.017702
27850.000000 -0.017703
27860.000000 -0.017703
27870.000000 -0.017704
27880.000000 -0.017705
27890.000000 -0.017705
27900.000000 -0.017706
27910.000000 -0.017707
27920.000000 -0.017707
27930.000000 -0.017708
27940.000000 -0.017709
27950.000000 -0.017710
27960.000000 -0.017710
27970.000000 -0.017711
27980.000000 -0.017712
27990.000000 -0.017712
28000.000000 -0.017713
28010.000000 -0.017714
28020.000000 -0.017714
28030.000000 -0.017715
28040.000000 -0.017716
28050.000000 -0.017716
28060.000000 -0.017717
28070.000000 -0.017718
28080.000000 -0.017718
28090.000000 -0.017719
28100.000000 -0.017720
28110.000000 -0.017720
28120.000000 -0.017721
28130.000000 -0.017722
28140.000000 -0.017722
28150.000000 -0.017723
28160.000000 -0.017724
28170.000000 -0.017725
28180.000000 -0.017725
28190.000000 -0.017726
28200.000000 -0.017727
28210.000000 -0.017727
28220.000000 -0.017728
28230.000000 -0.017729
28240.000000 -0.017729
28250.000000 -0.017730
28260.000000 -0.017731
28270.000000 -0.017731
28280.000000 -0.017732
28290.000000 -0.017733
28300.000000 -0.017733
28310.000000 -0.017734
28320.000000 -0.017735
28330.000000 -0.017735
28340.000000 -0.017736
28350.000000 -0.017737
28360.000000 -0.017737
28370.000000 -0.017738
28380.000000 -0.017739
28390.000000 -0.017739
28400.000000 -0.017740
28410.000000 -0.017741
28420.000000 -0.017741
28430.000000 -0.017742
28440.000000 -0.017743
28450.000000 -0.017743
28460.000000 -0.017744
28470.000000 -0.017745
28480.000000 -0.017746
28490.000000 -0.017746
28500.000000 -0.017747
28510.000000 -0.017748
28520.000000 -0.017748
28530.000000 -0.017749
28540.000000 -0.017750
28550.000000 -0.017750
28560.000000 -0.017751
28570.000000 -0.017752
28580.000000 -0.017752
28590.000000 -0.017753
28600.000000 -0.017754
28610.000000 -0.017754
28620.000000 -0.017755
28630.000000 -0.017756
28640.000000 -0.017756
28650.000000 -0.017757
28660.000000 -0.017758
28670.000000 -0.017758
28680.000000 -0.017759
28690.000000 -0.017760
28700.000000 -0.017760
28710.000000 -0.017761
28720.000000 -0.017762
28730.000000 -0.017762
28740.000000 -0.017763
28750.000000 -0.017764
28760.000000 -0.017764
28770.000000 -0.017765
28780.000000 -0.017766
28790.000000 -0.017766
28800.000000 -0.017767
28810.000000 -0.017768
28820.000000 -0.017768
28830.000000 -0.017769
28840.000000 -0.017770
28850.000000 -0.017770
28860.000000 -0.017771
28870.000000 -0.017772
28880.000000 -0.017772
28890.000000 -0.017773
28900.000000 -0.017774
28910.000000 -0.017774
28920.000000 -0.017775
28930.000000 -0.017776
28940.000000 -0.017776
28950.000000 -0.017777
28960.000000 -0.017778
28970.000000 -0.017778
28980.000000 -0.017779
28990.000000 -0.017780
29000.000000 -0.017780
29010.000000 -0.017781
29020.000000 -0.017782
29030.000000 -0.017782
29040.000000 -0.017783
29050.000000 -0.017784
29060.000000 -0.017784
29070.000000 -0.017785
29080.000000 -0.017786
29090.000000 -0.017786
29100.000000 -0.017787
29110.000000 -0.017788
29120.000000 -0.017788
29130.000000 -0.017789
29140.000000 -0.017790
29150.000000 -0.017790
29160.000000 -0.017791
29170.000000 -0.017792
29180.000000 -0.017792
29190.000000 -0.017793
29200.000000 -0.017794
29210.000000 -0.017794
29220.000000 -0.017795
29230.000000 -0.017796
29240.000000 -0.017796
29250.000000 -0.017797
29260.000000 -0.017798
29270.000000 -0.017798
29280.000000 -0.017799
29290.000000 -0.017800
29300.000000 -0.017800
29310.000000 -0.017801
29320.000000 -0.017802
29330.000000 -0.017802
29340.000000 -0.017803
29350.000000 -0.017803
29360.000000 -0.017804
29370.000000 -0.017805
29380.000000 -0.017805
29390.000000 -0.017806
29400.000000 -0.017807
29410.000000 -0.017807
29420.000000 -0.017808
29430.000000 -0.017809
29440.000000 -0.017809
29450.000000 -0.017810
29460.000000 -0.017811
29470.000000 -0.017811
29480.000000 -0.017812
29490.000000 -0.017813
29500.000000 -0.017813
29510.000000 -0.017814
29520.000000 -0.017815
29530.000000 -0.017815
29540.000000 -0.017816
29550.000000 -0.017817
29560.000000 -0.017817
29570.000000 -0.017818
29580.000000 -0.017819
29590.000000 -0.017819
29600.000000 -0.017820
29610.000000 -0.017821
29620.000000 -0.017821
29630.000000 -0.017822
29640.000000 -0.017822
29650.000000 -0.017823
29660.000000 -0.017824
29670.000000 -0.017824
29680.000000 -0.017825
29690.000000 -0.017826
29700.000000 -0.017826
29710.000000 -0.017827
29720.000000 -0.017828
29730.000000 -0.017828
29740.000000 -0.017829
29750.000000 -0.017830
29760.000000 -0.017830
29770.000000 -0.017831
29780.000000 -0.017832
29790.000000 -0.017832
29800.000000 -0.017833
29810.000000 -0.017834
29820.000000 -0.017834
29830.000000 -0.017835
29840.000000 -0.017835
29850.000000 -0.017836
29860.000000 -0.017837
29870.000000 -0.017837
29880.000000 -0.017838
29890.000000 -0.017839
29900.000000 -0.017839
29910.000000 -0.017840
29920.000000 -0.017841
29930.000000 -0.017841
29940.000000 -0.017842
29950.000000 -0.017843
29960.000000 -0.017843
29970.000000 -0.017844
29980.000000 -0.017844
29990.000000 -0.017845
30000.000000 -0.017846
30010.000000 -0.017846
30020.000000 -0.017847
30030.000000 -0.017848
30040.000000 -0.017848
30050.000000 -0.017849
30060.000000 -0.017850
30070.000000 -0.017850
30080.000000 -0.017851
30090.000000 -0.017852
30100.000000 -0.017852
30110.000000 -0.017853
30120.000000 -0.017853
30130.000000 -0.017854
30140.000000 -0.017855
30150.000000 -0.017855
30160.000000 -0.017856
30170.000000 -0.017857
30180.000000 -0.017857
30190.000000 -0.017858
30200.000000 -0.017859
30210.000000 -0.017859
30220.000000 -0.017860
30230.000000 -0.017860
30240.000000 -0.017861
30250.000000 -0.017862
30260.000000 -0.017862
30270.000000 -0.017863
30280.000000 -0.017864
30290.000000 -0.017864
30300.000000 -0.017865
30310.000000 -0.017866
30320.000000 -0.017866
30330.000000 -0.017867
30340.000000 -0.017867
30350.000000 -0.017868
30360.000000 -0.017869
30370.000000 -0.017869
30380.000000 -0.017870
30390.000000 -0.017871
30400.000000 -0.017871
30410.000000 -0.017872
30420.000000 -0.017872
30430.000000 -0.017873
30440.000000 -0.017874
30450.000000 -0.017874
30460.000000 -0.017875
30470.000000 -0.017876
30480.000000 -0.017876
30490.000000 -0.017877
30500.000000 -0.017878
30510.000000 -0.017878
30520.000000 -0.017879
30530.000000 -0.017879
30540.000000 -0.017880
30550.000000 -0.017881
30560.000000 -0.017881
30570.000000 -0.017882
30580.000000 -0.017883
30590.000000 -0.017883
30600.000000 -0.017884
30610.000000 -0.017884
30620.000000 -0.017885
30630.000000 -0.017886
30640.000000 -0.017886
30650.000000 -0.017887
30660.000000 -0.017888
30670.000000 -0.017888
30680.000000 -0.017889
30690.000000 -0.017889
30700.000000 -0.017890
30710.000000 -0.017891
30720.000000 -0.017891
30730.000000 -0.017892
30740.000000 -0.017893
30750.000000 -0.017893
30760.000000 -0.017894
30770.000000 -0.017894
30780.000000 -0.017895
30790.000000 -0.017896
30800.000000 -0.017896
30810.000000 -0.017897
30820.000000 -0.017898
30830.000000 -0.017898
30840.000000 -0.017899
30850.000000 -0.017899
30860.000000 -0.017900
30870.000000 -0.017901
30880.000000 -0.017901
30890.000000 -0.017902
30900.000000 -0.017903
30910.000000 -0.017903
30920.000000 -0.017904
30930.000000 -0.017904
30940.000000 -0.017905
30950.000000 -0.017906
30960.000000 -0.017906
30970.000000 -0.017907
30980.000000 -0.017907
30990.000000 -0.017908
31000.000000 -0.017909
31010.000000 -0.017909
31020.000000 -0.017910
31030.000000 -0.017911
31040.000000 -0.017911
31050.000000 -0.017912
31060.000000 -0.017912
31070.000000 -0.017913
31080.000000 -0.017914
31090.000000 -0.017914
31100.000000 -0.017915
31110.000000 -0.017916
31120.000000 -0.017916
31130.000000 -0.017917
31140.000000 -0.017917
31150.000000 -0.017918
31160.000000 -0.017919
31170.000000 -0.017919
31180.000000 -0.017920
31190.000000 -0.017920
31200.000000 -0.017921
31210.000000 -0.017922
31220.000000 -0.017922
31230.000000 -0.017923
31240.000000 -0.017924
31250.000000 -0.017924
31260.000000 -0.017925
31270.000000 -0.017925
31280.000000 -0.017926
31290.000000 -0.017927
31300.000000 -0.017927
31310.000000 -0.017928
31320.000000 -0.017928
31330.000000 -0.017929
31340.000000 -0.017930
31350.000000 -0.017930
31360.000000 -0.017931
31370.000000 -0.017932
31380.000000 -0.017932
31390.000000 -0.017933
31400.000000 -0.017933
31410.000000 -0.017934
31420.000000 -0.017935
31430.000000 -0.017935
31440.000000 -0.017936
31450.000000 -0.017936
31460.000000 -0.017937
31470.000000 -0.017938
31480.000000 -0.017938
31490.000000 -0.017939
31500.000000 -0.017940
31510.000000 -0.017940
31520.000000 -0.017941
31530.000000 -0.017941
31540.000000 -0.017942
31550.000000 -0.017943
31560.000000 -0.017943
31570.000000 -0.017944
31580.000000 -0.017944
31590.000000 -0.017945
31600.000000 -0.017946
31610.000000 -0.017946
31620.000000 -0.017947
31630.000000 -0.017948
31640.000000 -0.017948
31650.000000 -0.017949
31660.000000 -0.017949
31670.000000 -0.017950
31680.000000 -0.017951
31690.000000 -0.017951
31700.000000 -0.017952
31710.000000 -0.017952
31720.000000 -0.017953
31730.000000 -0.017954
31740.000000 -0.017954
31750.000000 -0.017955
31760.000000 -0.017956
31770.000000 -0.017956
31780.000000 -0.017957
31790.000000 -0.017957
31800.000000 -0.017958
31810.000000 -0.017959
31820.000000 -0.017959
31830.000000 -0.017960
31840.000000 -0.017960
31850.000000 -0.017961
31860.000000 -0.017962
31870.000000 -0.017962
31880.000000 -0.017963
31890.000000 -0.017963
31900.000000 -0.017964
31910.000000 -0.017965
31920.000000 -0.017965
31930.000000 -0.017966
31940.000000 -0.017967
31950.000000 -0.017967
31960.000000 -0.017968
31970.000000 -0.017968
31980.000000 -0.017969
31990.000000 -0.017970
32000.000000 -0.017970
32010.000000 -0.017971
32020.000000 -0.017971
32030.000000 -0.017972
32040.000000 -0.017973
32050.000000 -0.017973
32060.000000 -0.017974
32070.000000 -0.017974
32080.000000 -0.017975
32090.000000 -0.017976
32100.000000 -0.017976
32110.000000 -0.017977
32120.000000 -0.017977
32130.000000 -0.017978
32140.000000 -0.017979
32150.000000 -0.017979
32160.000000 -0.017980
32170.000000 -0.017981
32180.000000 -0.017981
32190.000000 -0.017982
32200.000000 -0.017982
32210.000000 -0.017983
32220.000000 -0.017984
32230.000000 -0.017984
32240.000000 -0.017985
32250.000000 -0.017985
32260.000000 -0.017986
32270.000000 -0.017987
32280.000000 -0.017987
32290.000000 -0.017988
32300.000000 -0.017988
32310.000000 -0.017989
32320.000000 -0.017990
32330.000000 -0.017990
32340.000000 -0.017991
32350.000000 -0.017991
32360.000000 -0.017992
32370.000000 -0.017993
32380.000000 -0.017993
32390.000000 -0.017994
32400.000000 -0.017994
32410.000000 -0.017995
32420.000000 -0.017996
32430.000000 -0.017996
32440.000000 -0.017997
32450.000000 -0.017997
32460.000000 -0.017998
32470.000000 -0.017999
32480.000000 -0.017999
32490.000000 -0.018000
32500.000000 -0.018000
32510.000000 -0.018001
32520.000000 -0.018002
32530.000000 -0.018002
32540.000000 -0.018003
32550.000000 -0.018003
32560.000000 -0.018004
32570.000000 -0.018005
32580.000000 -0.018005
32590.000000 -0.018006
32600.000000 -0.018006
32610.000000 -0.018007
32620.000000 -0.018008
32630.000000 -0.018008
32640.000000 -0.018009
32650.000000 -0.018009
32660.000000 -0.018010
32670.000000 -0.018011
32680.000000 -0.018011
32690.000000 -0.018012
32700.000000 -0.018012
32710.000000 -0.018013
32720.000000 -0.018014
32730.000000 -0.018014
32740.000000 -0.018015
32750.000000 -0.018015
32760.000000 -0.018016
32770.000000 -0.018017
32780.000000 -0.018017
32790.000000 -0.018018
32800.000000 -0.018018
32810.000000 -0.018019
32820.000000 -0.018020
32830.000000 -0.018020
32840.000000 -0.018021
32850.000000 -0.018021
32860.000000 -0.018022
32870.000000 -0.018023
32880.000000 -0.018023
32890.000000 -0.018024
32900.000000 -0.018024
32910.000000 -0.018025
32920.000000 -0.018025
32930.000000 -0.018026
32940.000000 -0.018027
32950.000000 -0.018027
32960.000000 -0.018028
32970.000000 -0.018028
32980.000000 -0.018029
32990.000000 -0.018030
33000.000000 -0.018030
33010.000000 -0.018031
33020.000000 -0.018031
33030.000000 -0.018032
33040.000000 -0.018033
33050.000000 -0.018033
33060.000000 -0.018034
33070.000000 -0.018034
33080.000000 -0.018035
33090.000000 -0.018035
33100.000000 -0.018036
33110.000000 -0.018037
33120.000000 -0.018037
33130.000000 -0.018038
33140.000000 -0.018038
33150.000000 -0.018039
33160.000000 -0.018040
33170.000000 -0.018040
33180.000000 -0.018041
33190.000000 -0.018041
33200.000000 -0.018042
33210.000000 -0.018042
33220.000000 -0.018043
33230.000000 -0.018044
33240.000000 -0.018044
33250.000000 -0.018045
33260.000000 -0.018045
33270.000000 -0.018046
33280.000000 -0.018046
33290.000000 -0.018047
33300.000000 -0.018048
33310.000000 -0.018048
33320.000000 -0.018049
33330.000000 -0.018049
33340.000000 -0.018050
33350.000000 -0.018051
33360.000000 -0.018051
33370.000000 -0.018052
33380.000000 -0.018052
33390.000000 -0.018053
33400.000000 -0.018053
33410.000000 -0.018054
33420.000000 -0.018055
33430.000000 -0.018055
33440.000000 -0.018056
33450.000000 -0.018056
33460.000000 -0.018057
33470.000000 -0.018057
33480.000000 -0.018058
33490.000000 -0.018059
33500.000000 -0.018059
33510.000000 -0.018060
33520.000000 -0.018060
33530.000000 -0.018061
33540.000000 -0.018061
33550.000000 -0.018062
33560.000000 -0.018063
33570.000000 -0.018063
33580.000000 -0.018064
33590.000000 -0.018064
33600.000000 -0.018065
33610.000000 -0.018065
33620.000000 -0.018066
33630.000000 -0.018067
33640.000000 -0.018067
33650.000000 -0.018068
33660.000000 -0.018068
33670.000000 -0.018069
33680.000000 -0.018069
33690.000000 -0.018070
33700.000000 -0.018070
33710.000000 -0.018071
33720.000000 -0.018072
33730.000000 -0.018072
33740.000000 -0.018073
33750.000000 -0.018073
33760.000000 -0.018074
33770.000000 -0.018074
33780.000000 -0.018075
33790.000000 -0.018076
33800.000000 -0.018076
33810.000000 -0.018077
33820.000000 -0.018077
33830.000000 -0.018078
33840.000000 -0.018078
33850.000000 -0.018079
33860.000000 -0.018079
33870.000000 -0.018080
33880.000000 -0.018081
33890.000000 -0.018081
33900.000000 -0.018082
33910.000000 -0.018082
33920.000000 -0.018083
33930.000000 -0.018083
33940.000000 -0.018084
33950.000000 -0.018085
33960.000000 -0.018085
33970.000000 -0.018086
33980.000000 -0.018086
33990.000000 -0.018087
34000.000000 -0.018087
34010.000000 -0.018088
34020.000000 -0.018088
34030.000000 -0.018089
34040.000000 -0.018090
34050.000000 -0.018090
34060.000000 -0.018091
34070.000000 -0.018091
34080.000000 -0.018092
34090.000000 -0.018092
34100.000000 -0.018093
34110.000000 -0.018093
34120.000000 -0.018094
34130.000000 -0.018095
34140.000000 -0.018095
34150.000000 -0.018096
34160.000000 -0.018096
34170.000000 -0.018097
34180.000000 -0.018097
34190.000000 -0.018098
34200.000000 -0.018098
34210.000000 -0.018099
34220.000000 -0.018099
34230.000000 -0.018100
34240.000000 -0.018101
34250.000000 -0.018101
34260.000000 -0.018102
34270.000000 -0.018102
34280.000000 -0.018103
34290.000000 -0.018103
34300.000000 -0.018104
34310.000000 -0.018104
34320.000000 -0.018105
34330.000000 -0.018106
34340.000000 -0.018106
34350.000000 -0.018107
34360.000000 -0.018107
34370.000000 -0.018108
34380.000000 -0.018108
34390.000000 -0.018109
34400.000000 -0.018109
34410.000000 -0.018110
34420.000000 -0.018110
34430.000000 -0.018111
34440.000000 -0.018112
34450.000000 -0.018112
34460.000000 -0.018113
34470.000000 -0.018113
34480.000000 -0.018114
34490.000000 -0.018114
34500.000000 -0.018115
34510.000000 -0.018115
34520.000000 -0.018116
34530.000000 -0.018117
34540.000000 -0.018117
34550.000000 -0.018118
34560.000000 -0.018118
34570.000000 -0.018119
34580.000000 -0.018119
34590.000000 -0.018120
34600.000000 -0.018120
34610.000000 -0.018121
34620.000000 -0.018121
34630.000000 -0.018122
34640.000000 -0.018123
34650.000000 -0.018123
34660.000000 -0.018124
34670.000000 -0.018124
34680.000000 -0.018125
34690.000000 -0.018125
34700.000000 -0.018126
34710.000000 -0.018126
34720.000000 -0.018127
34730.000000 -0.018127
34740.000000 -0.018128
34750.000000 -0.018129
34760.000000 -0.018129
34770.000000 -0.018130
34780.000000 -0.018130
34790.000000 -0.018131
34800.000000 -0.018131
34810.000000 -0.018132
34820.000000 -0.018132
34830.000000 -0.018133
34840.000000 -0.018133
34850.000000 -0.018134
34860.000000 -0.018135
34870.000000 -0.018135
34880.000000 -0.018136
34890.000000 -0.018136
34900.000000 -0.018137
34910.000000 -0.018137
34920.000000 -0.018138
34930.000000 -0.018138
34940.000000 -0.018139
34950.000000 -0.018139
34960.000000 -0.018140
34970.000000 -0.018140
34980.000000 -0.018141
34990.000000 -0.018142
35000.000000 -0.018142
35010.000000 -0.018143
35020.000000 -0.018143
35030.000000 -0.018144
35040.000000 -0.018144
35050.000000 -0.018145
35060.000000 -0.018145
35070.000000 -0.018146
35080.000000 -0.018146
35090.000000 -0.018147
35100.000000 -0.018148
35110.000000 -0.018148
35120.000000 -0.018149
35130.000000 -0.018149
35140.000000 -0.018150
35150.000000 -0.018150
35160.000000 -0.018151
35170.000000 -0.018151
35180.000000 -0.018152
35190.000000 -0.018152
35200.000000 -0.018153
35210.000000 -0.018153
35220.000000 -0.018154
35230.000000 -0.018155
35240.000000 -0.018155
35250.000000 -0.018156
35260.000000 -0.018156
35270.000000 -0.018157
35280.000000 -0.018157
35290.000000 -0.018158
35300.000000 -0.018158
35310.000000 -0.018159
35320.000000 -0.018159
35330.000000 -0.018160
35340.000000 -0.018161
35350.000000 -0.018161
35360.000000 -0.018162
35370.000000 -0.018162
35380.000000 -0.018163
35390.000000 -0.018163
35400.000000 -0.018164
35410.000000 -0.018164
35420.000000 -0.018165
35430.000000 -0.018165
35440.000000 -0.018166
35450.000000 -0.018166
35460.000000 -0.018167
35470.000000 -0.018168
35480.000000 -0.018168
35490.000000 -0.018169
35500.000000 -0.018169
35510.000000 -0.018170
35520.000000 -0.018170
35530.000000 -0.018171
35540.000000 -0.018171
35550.000000 -0.018172
35560.000000 -0.018172
35570.000000 -0.018173
35580.000000 -0.018174
35590.000000 -0.018174
35600.000000 -0.018175
35610.000000 -0.018175
35620.000000 -0.018176
35630.000000 -0.018176
35640.000000 -0.018177
35650.000000 -0.018177
35660.000000 -0.018178
35670.000000 -0.018178
35680.000000 -0.018179
35690.000000 -0.018179
35700.000000 -0.018180
35710.000000 -0.018181
35720.000000 -0.018181
35730.000000 -0.018182
35740.000000 -0.018182
35750.000000 -0.018183
35760.000000 -0.018183
35770.000000 -0.018184
35780.000000 -0.018184
35790.000000 -0.018185
35800.000000 -0.018185
35810.000000 -0.018186
35820.000000 -0.018186
35830.000000 -0.018187
35840.000000 -0.018188
35850.000000 -0.018188
35860.000000 -0.018189
35870.000000 -0.018189
35880.000000 -0.018190
35890.000000 -0.018190
35900.000000 -0.018191
35910.000000 -0.018191
35920.000000 -0.018192
35930.000000 -0.018192
35940.000000 -0.018193
35950.000000 -0.018193
35960.000000 -0.018194
35970.000000 -0.018195
35980.000000 -0.018195
35990.000000 -0.018196
36000.000000 -0.018196
36010.000000 -0.018197
36020.000000 -0.018197
36030.000000 -0.018198
36040.000000 -0.018198
36050.000000 -0.018199
36060.000000 -0.018199
36070.000000 -0.018200
36080.000000 -0.018200
36090.000000 -0.018201
36100.000000 -0.018202
36110.000000 -0.018202
36120.000000 -0.018203
36130.000000 -0.018203
36140.000000 -0.018204
36150.000000 -0.018204
36160.000000 -0.018205
36170.000000 -0.018205
36180.000000 -0.018206
36190.000000 -0.018206
36200.000000 -0.018207
36210.000000 -0.018207
36220.000000 -0.018208
36230.000000 -0.018209
36240.000000 -0.018209
36250.000000 -0.018210
36260.000000 -0.018210
36270.000000 -0.018211
36280.000000 -0.018211
36290.000000 -0.018212
36300.000000 -0.018212
36310.000000 -0.018213
36320.000000 -0.018213
36330.000000 -0.018214
36340.000000 -0.018214
36350.000000 -0.018215
36360.000000 -0.018216
36370.000000 -0.018216
36380.000000 -0.018217
36390.000000 -0.018217
36400.000000 -0.018218
36410.000000 -0.018218
36420.000000 -0.018219
36430.000000 -0.018219
36440.000000 -0.018220
36450.000000 -0.018220
36460.000000 -0.018221
36470.000000 -0.018221
36480.000000 -0.018222
36490.000000 -0.018222
36500.000000 -0.018223
36510.000000 -0.018224
36520.000000 -0.018224
36530.000000 -0.018225
36540.000000 -0.018225
36550.000000 -0.018226
36560.000000 -0.018226
36570.000000 -0.018227
36580.000000 -0.018227
36590.000000 -0.018228
36600.000000 -0.018228
36610.000000 -0.018229
36620.000000 -0.018229
36630.000000 -0.018230
36640.000000 -0.018230
36650.000000 -0.018231
36660.000000 -0.018232
36670.000000 -0.018232
36680.000000 -0.018233
36690.000000 -0.018233
36700.000000 -0.018234
36710.000000 -0.018234
36720.000000 -0.018235
36730.000000 -0.018235
36740.000000 -0.018236
36750.000000 -0.018236
36760.000000 -0.018237
36770.000000 -0.018237
36780.000000 -0.018238
36790.000000 -0.018238
36800.000000 -0.018239
36810.000000 -0.018240
36820.000000 -0.018240
36830.000000 -0.018241
36840.000000 -0.018241
36850.000000 -0.018242
36860.000000 -0.018242
36870.000000 -0.018243
36880.000000 -0.018243
