471 
320 
488 
633 
506 
320 
438 
396 
609 
343 
437 
440 
531 
436 
641 
325 
601 
352 
446 
396 
490 
295 
711 
460 
593 
140 
535 
617 
430 
558 
306 
633 
371 
340 
558 
476 
368 
576 
321 
320 
243 
441 
347 
181 
365 
413 
420 
484 
445 
329 
303 
465 
411 
285 
558 
285 
328 
396 
377 
260 
390 
414 
369 
599 
429 
426 
480 
485 
691 
681 
665 
512 
327 
182 
559 
577 
479 
337 
489 
433 
385 
431 
427 
635 
273 
420 
397 
485 
403 
437 
300 
425 
426 
384 
513 
431 
319 
687 
329 
558 
351 
243 
617 
243 
304 
480 
395 
329 
333 
502 
363 
272 
266 
393 
300 
539 
375 
293 
541 
455 
323 
656 
728 
507 
310 
400 
278 
291 
358 
314 
596 
134 
154 
435 
392 
322 
414 
357 
445 
643 
391 
391 
367 
425 
755 
584 
423 
645 
431 
524 
457 
521 
511 
303 
333 
422 
457 
338 
581 
419 
444 
647 
230 
357 
472 
356 
330 
476 
390 
438 
454 
503 
253 
342 
381 
349 
323 
192 
550 
383 
434 
413 
455 
327 
383 
511 
428 
262 
468 
569 
227 
347 
491 
418 
305 
259 
405 
345 
491 
433 
313 
176 
296 
443 
500 
494 
468 
320 
477 
854 
426 
422 
345 
554 
712 
335 
264 
394 
316 
480 
405 
213 
374 
380 
251 
391 
421 
389 
447 
361 
523 
346 
436 
585 
520 
480 
330 
547 
386 
494 
274 
823 
307 
299 
475 
314 
415 
550 
431 
411 
650 
369 
731 
592 
382 
347 
399 
482 
312 
519 
250 
340 
437 
431 
451 
585 
400 
446 
199 
430 
592 
390 
349 
296 
445 
627 
396 
547 
513 
452 
506 
564 
456 
463 
324 
508 
411 
409 
404 
425 
444 
456 
744 
411 
592 
425 
332 
199 
701 
445 
338 
407 
461 
326 
509 
758 
487 
330 
562 
407 
366 
621 
427 
637 
528 
577 
656 
392 
172 
580 
285 
315 
160 
404 
264 
651 
538 
538 
380 
562 
411 
285 
258 
673 
643 
319 
645 
392 
357 
382 
510 
348 
473 
512 
371 
662 
428 
466 
297 
601 
407 
399 
457 
352 
776 
503 
427 
245 
441 
460 
309 
239 
292 
535 
332 
322 
673 
604 
580 
467 
485 
475 
298 
210 
498 
344 
384 
246 
440 
317 
413 
366 
223 
312 
323 
610 
256 
516 
335 
400 
292 
420 
343 
447 
522 
651 
423 
428 
746 
326 
258 
420 
322 
371 
656 
420 
401 
328 
570 
658 
531 
398 
437 
346 
444 
677 
632 
563 
492 
452 
501 
366 
553 
361 
567 
515 
459 
276 
523 
407 
555 
401 
295 
270 
422 
380 
182 
412 
382 
511 
441 
473 
409 
432 
411 
386 
305 
333 
500 
721 
362 
242 
364 
325 
493 
215 
444 
275 
359 
405 
449 
313 
279 
517 
253 
396 
482 
460 
567 
425 
414 
436 
285 
398 
399 
582 
490 
236 
363 
478 
314 
356 
546 
326 
495 
727 
632 
519 
472 
353 
639 
300 
405 
498 
340 
365 
357 
429 
390 
506 
312 
331 
653 
426 
561 
328 
561 
441 
495 
361 
288 
283 
338 
494 
573 
556 
243 
364 
313 
443 
344 
418 
440 
352 
340 
363 
414 
535 
604 
429 
449 
285 
333 
630 
377 
447 
647 
135 
411 
359 
240 
416 
684 
328 
148 
442 
350 
806 
538 
675 
651 
425 
228 
486 
316 
510 
309 
363 
398 
290 
403 
188 
536 
328 
442 
537 
419 
560 
570 
492 
242 
414 
651 
585 
477 
378 
223 
508 
692 
423 
328 
333 
315 
385 
393 
405 
578 
274 
396 
458 
428 
510 
556 
317 
402 
592 
409 
361 
242 
549 
567 
360 
514 
343 
301 
235 
474 
527 
347 
717 
518 
470 
505 
489 
322 
201 
506 
506 
688 
679 
436 
323 
342 
370 
512 
316 
377 
639 
411 
674 
466 
525 
414 
487 
401 
359 
252 
427 
428 
387 
488 
300 
409 
426 
496 
697 
378 
417 
300 
621 
460 
287 
343 
497 
283 
333 
627 
466 
494 
251 
508 
624 
369 
427 
761 
495 
305 
569 
538 
588 
233 
311 
241 
330 
511 
377 
380 
242 
415 
375 
309 
278 
420 
352 
279 
263 
354 
266 
316 
460 
255 
418 
648 
436 
725 
419 
312 
530 
312 
363 
245 
338 
680 
438 
379 
665 
262 
363 
885 
512 
245 
319 
602 
372 
586 
200 
361 
578 
639 
602 
291 
596 
405 
333 
292 
243 
595 
600 
486 
422 
326 
584 
292 
533 
541 
281 
438 
583 
366 
472 
490 
352 
630 
447 
522 
598 
521 
263 
404 
186 
485 
445 
456 
447 
382 
222 
570 
399 
404 
643 
328 
292 
407 
248 
535 
667 
424 
678 
487 
356 
503 
498 
383 
310 
529 
292 
368 
544 
312 
447 
404 
466 
431 
369 
390 
592 
633 
270 
507 
490 
414 
352 
307 
343 
286 
173 
329 
277 
611 
446 
308 
321 
470 
583 
369 
382 
403 
536 
460 
436 
593 
553 
602 
510 
413 
228 
304 
508 
247 
256 
425 
351 
535 
508 
437 
515 
400 
510 
356 
322 
297 
336 
793 
292 
390 
323 
525 
385 
557 
418 
528 
360 
562 
498 
189 
476 
277 
347 
454 
424 
286 
440 
454 
466 
401 
415 
485 
476 
480 
363 
155 
245 
735 
291 
423 
829 
282 
566 
621 
276 
393 
375 
699 
476 
408 
352 
340 
492 
424 
534 
560 
479 
480 
761 
469 
340 
525 
294 
487 
337 
399 
307 
386 
709 
514 
466 
857 
281 
726 
282 
478 
382 
497 
471 
459 
507 
358 
416 
633 
474 
448 
379 
233 
259 
447 
331 
556 
398 
880 
537 
568 
447 
322 
503 
449 
328 
382 
513 
599 
391 
453 
502 
450 
460 
321 
239 
580 
233 
435 
541 
252 
434 
359 
321 
445 
213 
353 
348 
494 
293 
359 
570 
583 
149 
413 
598 
505 
246 
559 
430 
380 
364 
472 
797 
480 
266 
516 
334 
347 
281 
563 
435 
552 
304 
448 
439 
295 
391 
358 
438 
471 
432 
486 
271 
437 
553 
162 
672 
531 
530 
211 
196 
611 
298 
370 
338 
199 
756 
315 
467 
339 
176 
277 
595 
500 
645 
323 
421 
410 
584 
408 
425 
332 
350 
333 
483 
444 
212 
150 
358 
397 
352 
425 
437 
610 
371 
337 
249 
549 
460 
393 
384 
288 
373 
465 
366 
506 
420 
290 
576 
317 
152 
508 
410 
463 
537 
346 
479 
324 
394 
514 
567 
368 
339 
576 
416 
179 
394 
494 
398 
490 
461 
298 
781 
398 
648 
709 
503 
462 
517 
383 
310 
411 
546 
532 
286 
277 
544 
249 
399 
331 
416 
146 
634 
366 
636 
500 
475 
360 
473 
315 
405 
694 
677 
319 
530 
175 
450 
650 
223 
656 
652 
278 
443 
322 
261 
286 
249 
286 
409 
303 
493 
306 
451 
452 
429 
407 
221 
403 
474 
462 
491 
501 
399 
747 
572 
466 
168 
376 
419 
452 
517 
343 
424 
403 
541 
608 
659 
592 
328 
456 
358 
445 
434 
421 
376 
376 
551 
404 
361 
469 
294 
588 
609 
430 
353 
332 
625 
449 
385 
477 
323 
362 
356 
414 
421 
397 
284 
337 
605 
659 
340 
258 
444 
809 
338 
540 
469 
414 
516 
501 
553 
384 
441 
618 
559 
461 
513 
352 
305 
310 
239 
417 
510 
532 
429 
421 
397 
303 
231 
712 
359 
437 
395 
333 
448 
367 
284 
364 
408 
375 
565 
386 
777 
476 
355 
398 
484 
312 
292 
500 
374 
333 
498 
390 
366 
521 
449 
527 
485 
474 
256 
694 
286 
338 
491 
496 
448 
264 
360 
278 
587 
272 
503 
254 
380 
654 
484 
407 
356 
430 
484 
304 
445 
484 
256 
393 
376 
453 
304 
414 
405 
377 
479 
402 
466 
413 
423 
373 
313 
297 
347 
576 
324 
441 
478 
284 
506 
459 
413 
257 
233 
326 
174 
438 
543 
702 
477 
398 
352 
394 
227 
488 
542 
505 
334 
429 
369 
457 
439 
336 
386 
601 
425 
272 
625 
383 
594 
558 
150 
804 
533 
499 
259 
399 
279 
297 
469 
520 
438 
322 
400 
263 
310 
331 
306 
420 
480 
366 
512 
438 
303 
675 
233 
247 
439 
399 
472 
566 
193 
591 
381 
452 
336 
397 
386 
380 
351 
212 
675 
277 
280 
542 
388 
633 
369 
346 
195 
389 
305 
498 
287 
508 
345 
571 
415 
374 
481 
688 
457 
558 
436 
275 
432 
446 
418 
180 
571 
468 
359 
186 
504 
201 
524 
273 
425 
620 
536 
462 
460 
405 
414 
525 
324 
322 
519 
666 
501 
487 
363 
232 
542 
228 
380 
420 
256 
524 
485 
418 
520 
324 
671 
592 
240 
356 
201 
364 
341 
573 
372 
401 
410 
224 
570 
464 
380 
329 
297 
320 
491 
358 
181 
547 
296 
292 
462 
611 
346 
404 
257 
345 
341 
203 
512 
427 
556 
266 
487 
545 
234 
349 
568 
478 
537 
551 
376 
521 
424 
245 
507 
359 
450 
391 
506 
607 
645 
395 
257 
214 
444 
532 
327 
500 
536 
254 
434 
424 
430 
372 
517 
208 
496 
665 
405 
464 
372 
256 
515 
221 
399 
659 
437 
395 
384 
367 
408 
447 
133 
178 
378 
379 
375 
497 
395 
281 
261 
287 
354 
460 
533 
226 
426 
322 
468 
448 
461 
321 
527 
167 
544 
472 
416 
299 
326 
409 
500 
377 
483 
543 
422 
424 
460 
654 
527 
463 
414 
599 
424 
366 
472 
550 
272 
356 
402 
480 
276 
630 
386 
263 
348 
561 
410 
608 
299 
345 
547 
360 
361 
288 
418 
269 
368 
532 
557 
338 
514 
460 
280 
352 
563 
550 
444 
150 
291 
394 
237 
450 
441 
255 
374 
426 
419 
648 
373 
497 
474 
299 
386 
590 
856 
275 
540 
541 
442 
518 
340 
405 
420 
351 
224 
352 
640 
309 
410 
370 
471 
525 
361 
371 
389 
260 
638 
450 
504 
302 
556 
391 
193 
515 
621 
466 
464 
423 
165 
230 
323 
427 
442 
350 
210 
192 
507 
459 
527 
420 
340 
308 
342 
389 
605 
367 
268 
430 
384 
476 
324 
444 
725 
376 
337 
420 
330 
129 
442 
583 
180 
258 
473 
449 
414 
218 
398 
449 
755 
521 
274 
555 
495 
525 
314 
396 
363 
362 
322 
381 
449 
663 
320 
557 
621 
486 
427 
336 
394 
317 
378 
161 
306 
360 
325 
585 
445 
540 
592 
582 
739 
349 
494 
440 
606 
310 
321 
320 
690 
419 
342 
259 
324 
342 
447 
333 
310 
404 
615 
705 
394 
295 
330 
562 
221 
484 
544 
373 
543 
529 
448 
369 
247 
499 
709 
434 
357 
260 
377 
323 
271 
514 
383 
816 
501 
305 
313 
509 
399 
368 
431 
535 
256 
352 
461 
639 
473 
552 
656 
492 
425 
480 
530 
450 
319 
134 
805 
522 
626 
432 
665 
280 
192 
398 
477 
413 
488 
305 
270 
308 
668 
495 
526 
435 
569 
404 
526 
490 
524 
413 
565 
403 
468 
333 
280 
344 
675 
543 
558 
195 
484 
123 
645 
247 
385 
491 
174 
428 
451 
340 
492 
318 
615 
568 
415 
215 
597 
419 
516 
573 
310 
283 
651 
562 
456 
438 
440 
503 
414 
402 
475 
191 
663 
545 
168 
337 
376 
413 
170 
475 
333 
225 
297 
357 
526 
322 
426 
430 
492 
265 
384 
602 
322 
397 
235 
571 
283 
310 
436 
414 
381 
544 
489 
522 
308 
486 
366 
488 
315 
230 
466 
446 
346 
396 
409 
519 
504 
308 
393 
914 
372 
677 
208 
430 
324 
555 
662 
529 
240 
535 
481 
291 
236 
415 
345 
276 
552 
531 
430 
480 
392 
260 
355 
372 
347 
620 
388 
370 
454 
402 
306 
362 
360 
291 
506 
268 
385 
257 
300 
289 
415 
211 
541 
306 
318 
299 
437 
419 
402 
467 
412 
367 
754 
512 
329 
657 
270 
452 
302 
536 
378 
420 
468 
485 
421 
685 
365 
814 
235 
328 
377 
353 
430 
355 
409 
335 
497 
177 
544 
269 
583 
515 
402 
377 
413 
669 
534 
713 
289 
287 
475 
130 
330 
273 
497 
414 
370 
329 
536 
291 
209 
368 
472 
582 
567 
383 
363 
590 
549 
583 
419 
408 
459 
277 
667 
564 
447 
212 
551 
373 
587 
295 
293 
347 
559 
228 
383 
314 
310 
396 
348 
388 
547 
312 
447 
619 
523 
397 
735 
465 
328 
497 
479 
501 
506 
278 
704 
196 
328 
420 
556 
718 
487 
370 
515 
457 
706 
325 
331 
476 
434 
365 
408 
603 
309 
329 
505 
347 
135 
399 
396 
329 
673 
367 
364 
510 
342 
446 
592 
452 
228 
407 
606 
417 
727 
324 
311 
304 
701 
433 
302 
411 
502 
403 
720 
524 
451 
552 
240 
285 
246 
314 
372 
543 
402 
343 
299 
390 
341 
401 
331 
589 
399 
306 
490 
376 
372 
230 
445 
446 
536 
526 
495 
568 
498 
446 
297 
551 
116 
501 
604 
296 
561 
444 
363 
460 
426 
366 
643 
407 
389 
538 
346 
362 
477 
310 
303 
392 
357 
377 
230 
173 
498 
332 
250 
223 
415 
378 
508 
521 
421 
545 
216 
462 
526 
329 
510 
635 
530 
310 
382 
262 
501 
547 
361 
505 
283 
509 
385 
440 
470 
633 
189 
530 
508 
259 
279 
194 
442 
235 
485 
421 
448 
420 
623 
419 
687 
320 
406 
171 
528 
358 
431 
454 
537 
345 
287 
443 
464 
452 
530 
436 
476 
236 
135 
366 
533 
391 
416 
507 
318 
204 
331 
247 
373 
431 
655 
420 
492 
345 
125 
347 
267 
347 
323 
268 
419 
457 
643 
216 
362 
313 
485 
563 
353 
315 
527 
440 
444 
332 
354 
408 
430 
480 
335 
419 
318 
480 
270 
214 
583 
201 
566 
426 
439 
387 
308 
392 
440 
336 
351 
306 
466 
653 
212 
280 
341 
348 
469 
380 
259 
248 
278 
390 
264 
514 
594 
405 
609 
313 
398 
167 
465 
464 
216 
246 
327 
491 
221 
400 
422 
480 
492 
290 
522 
488 
501 
391 
401 
335 
564 
527 
450 
351 
597 
365 
361 
333 
583 
879 
453 
228 
144 
440 
285 
511 
247 
204 
312 
324 
311 
269 
492 
323 
509 
317 
427 
578 
258 
358 
432 
567 
462 
503 
305 
536 
631 
489 
281 
611 
488 
357 
590 
676 
618 
640 
282 
338 
878 
512 
227 
377 
401 
389 
438 
393 
431 
378 
244 
294 
549 
505 
610 
342 
335 
284 
403 
452 
150 
372 
359 
533 
291 
434 
301 
371 
362 
520 
478 
351 
276 
321 
440 
269 
586 
367 
472 
422 
488 
339 
356 
392 
450 
513 
472 
312 
302 
345 
384 
392 
475 
345 
273 
209 
301 
302 
274 
340 
450 
415 
625 
545 
321 
527 
305 
431 
483 
354 
384 
437 
578 
271 
618 
722 
361 
500 
409 
367 
375 
234 
459 
763 
540 
182 
238 
442 
456 
524 
664 
368 
246 
611 
590 
424 
437 
451 
527 
345 
528 
540 
330 
374 
190 
455 
465 
362 
472 
716 
467 
326 
305 
309 
494 
409 
323 
583 
228 
324 
430 
484 
502 
332 
462 
225 
315 
379 
394 
468 
434 
403 
307 
253 
436 
494 
437 
269 
617 
243 
508 
603 
366 
319 
411 
223 
284 
811 
483 
453 
478 
582 
524 
533 
374 
408 
328 
542 
358 
213 
202 
430 
347 
348 
588 
531 
583 
157 
623 
497 
701 
439 
375 
405 
408 
388 
174 
466 
511 
265 
434 
521 
760 
148 
182 
364 
573 
333 
241 
484 
409 
719 
761 
579 
344 
272 
416 
356 
543 
691 
483 
418 
439 
339 
237 
232 
571 
395 
395 
541 
426 
709 
206 
379 
400 
451 
408 
442 
524 
555 
292 
296 
482 
479 
583 
162 
479 
315 
559 
361 
290 
573 
254 
620 
320 
347 
426 
535 
723 
296 
272 
312 
483 
402 
415 
508 
458 
428 
586 
445 
503 
412 
621 
437 
303 
257 
686 
427 
161 
391 
416 
708 
340 
417 
260 
264 
200 
423 
483 
424 
444 
319 
483 
515 
327 
373 
455 
404 
467 
383 
425 
344 
450 
246 
298 
509 
234 
423 
453 
451 
246 
447 
626 
332 
242 
371 
347 
537 
342 
397 
327 
784 
281 
481 
516 
370 
294 
397 
781 
811 
389 
483 
515 
678 
444 
342 
418 
480 
439 
430 
447 
378 
444 
334 
571 
372 
660 
365 
487 
377 
386 
323 
451 
514 
508 
458 
499 
315 
559 
359 
531 
445 
545 
326 
620 
369 
480 
343 
344 
332 
501 
710 
361 
264 
455 
225 
382 
437 
248 
529 
405 
447 
382 
193 
389 
396 
395 
316 
515 
343 
427 
438 
511 
244 
373 
401 
397 
448 
337 
184 
360 
426 
268 
631 
328 
221 
576 
473 
757 
600 
393 
445 
408 
299 
349 
216 
427 
385 
552 
176 
401 
382 
418 
531 
446 
387 
544 
402 
345 
353 
488 
469 
333 
214 
419 
409 
678 
456 
520 
651 
545 
311 
348 
375 
326 
320 
365 
618 
285 
420 
402 
442 
565 
409 
351 
459 
465 
415 
319 
551 
516 
498 
345 
221 
142 
374 
331 
704 
393 
468 
487 
262 
352 
590 
569 
337 
382 
512 
396 
393 
362 
396 
426 
392 
673 
467 
349 
335 
361 
409 
260 
500 
488 
459 
427 
475 
328 
363 
491 
318 
307 
572 
422 
693 
326 
208 
363 
535 
423 
334 
343 
417 
370 
350 
419 
516 
472 
476 
205 
368 
345 
328 
641 
611 
260 
466 
606 
455 
312 
504 
344 
295 
375 
351 
391 
573 
562 
442 
452 
221 
319 
222 
455 
379 
185 
325 
442 
351 
352 
259 
391 
632 
233 
340 
321 
384 
300 
617 
291 
499 
446 
376 
322 
652 
449 
369 
278 
630 
454 
271 
256 
456 
357 
750 
455 
149 
689 
799 
556 
580 
312 
462 
549 
315 
504 
469 
539 
339 
307 
569 
519 
499 
260 
273 
702 
306 
457 
181 
409 
259 
385 
339 
489 
415 
903 
420 
337 
261 
399 
289 
473 
578 
325 
447 
461 
285 
292 
350 
587 
455 
410 
589 
351 
457 
384 
396 
844 
282 
200 
582 
533 
321 
413 
139 
539 
325 
346 
270 
346 
257 
553 
304 
475 
397 
499 
267 
455 
287 
524 
632 
399 
547 
182 
392 
652 
405 
432 
328 
456 
482 
541 
284 
427 
529 
348 
613 
272 
561 
358 
367 
451 
552 
543 
284 
574 
638 
573 
288 
398 
270 
550 
439 
331 
422 
463 
225 
387 
353 
373 
375 
443 
486 
309 
407 
149 
468 
356 
782 
228 
301 
442 
389 
445 
507 
520 
406 
444 
420 
320 
432 
472 
320 
411 
513 
343 
562 
573 
615 
435 
313 
537 
446 
429 
434 
491 
683 
333 
588 
519 
432 
658 
457 
312 
496 
429 
383 
520 
471 
672 
343 
405 
529 
420 
584 
339 
437 
375 
459 
597 
314 
511 
268 
430 
291 
466 
608 
406 
444 
447 
339 
402 
558 
545 
606 
565 
522 
702 
512 
302 
262 
298 
474 
514 
573 
630 
337 
511 
320 
471 
571 
238 
263 
400 
486 
342 
433 
497 
358 
439 
634 
490 
322 
297 
323 
398 
498 
449 
551 
477 
529 
412 
355 
226 
600 
642 
484 
203 
594 
284 
459 
423 
627 
335 
511 
358 
387 
385 
431 
633 
748 
135 
801 
589 
667 
513 
415 
339 
359 
547 
344 
313 
567 
384 
382 
427 
357 
373 
378 
286 
488 
523 
474 
479 
374 
242 
440 
481 
480 
480 
422 
617 
342 
407 
364 
453 
454 
363 
298 
468 
200 
734 
270 
364 
391 
498 
399 
340 
445 
503 
325 
539 
375 
290 
301 
500 
468 
415 
417 
498 
502 
497 
482 
325 
691 
431 
433 
538 
465 
309 
568 
719 
403 
371 
370 
473 
378 
420 
772 
816 
655 
672 
369 
325 
542 
176 
338 
267 
432 
339 
454 
506 
519 
364 
329 
660 
496 
259 
311 
420 
414 
418 
402 
509 
395 
375 
550 
286 
430 
251 
613 
361 
371 
301 
657 
752 
539 
373 
444 
479 
502 
588 
397 
612 
563 
365 
423 
217 
546 
667 
599 
423 
369 
466 
297 
253 
301 
418 
539 
324 
458 
370 
159 
474 
390 
262 
284 
609 
399 
384 
386 
420 
491 
383 
351 
322 
610 
493 
556 
402 
234 
355 
364 
573 
615 
595 
683 
476 
317 
435 
452 
373 
260 
478 
272 
551 
430 
507 
498 
334 
510 
531 
241 
486 
367 
368 
385 
368 
522 
439 
389 
200 
273 
481 
545 
592 
152 
338 
402 
564 
513 
721 
521 
245 
455 
454 
438 
459 
486 
367 
370 
454 
325 
272 
296 
495 
423 
316 
195 
291 
572 
656 
417 
399 
528 
347 
401 
637 
397 
309 
567 
360 
462 
314 
371 
425 
169 
342 
563 
403 
311 
342 
240 
395 
426 
434 
436 
277 
479 
411 
508 
493 
244 
603 
454 
514 
244 
490 
337 
668 
556 
420 
690 
264 
254 
363 
528 
491 
614 
375 
477 
336 
360 
766 
440 
403 
459 
382 
183 
482 
427 
684 
473 
454 
354 
367 
419 
364 
412 
371 
397 
525 
457 
283 
444 
346 
473 
595 
342 
517 
554 
445 
373 
475 
166 
355 
381 
585 
692 
360 
290 
286 
404 
401 
212 
486 
537 
328 
497 
373 
260 
566 
210 
472 
706 
476 
624 
428 
355 
602 
277 
558 
444 
383 
320 
564 
545 
507 
238 
511 
276 
440 
392 
408 
493 
240 
473 
479 
449 
160 
381 
392 
367 
628 
574 
311 
284 
127 
268 
245 
627 
477 
484 
322 
274 
442 
331 
186 
303 
240 
400 
349 
422 
402 
406 
550 
520 
463 
510 
994 
301 
480 
201 
378 
369 
385 
466 
387 
427 
430 
398 
258 
449 
309 
299 
361 
589 
259 
364 
568 
360 
623 
671 
478 
530 
304 
176 
403 
475 
283 
446 
295 
407 
312 
346 
316 
600 
572 
406 
615 
422 
378 
413 
509 
467 
253 
422 
428 
389 
413 
182 
387 
430 
190 
377 
309 
483 
362 
475 
479 
461 
366 
372 
678 
589 
361 
443 
310 
600 
375 
372 
612 
398 
286 
552 
373 
467 
252 
199 
438 
285 
572 
247 
545 
540 
726 
646 
453 
358 
277 
278 
424 
563 
718 
582 
436 
171 
434 
496 
404 
385 
487 
541 
339 
405 
489 
521 
240 
477 
316 
550 
558 
386 
472 
383 
502 
550 
144 
419 
556 
439 
408 
698 
146 
339 
619 
438 
441 
463 
396 
363 
397 
530 
299 
375 
521 
187 
449 
386 
212 
477 
466 
374 
248 
323 
529 
422 
498 
527 
227 
427 
460 
500 
384 
271 
253 
345 
391 
372 
365 
226 
671 
430 
344 
289 
468 
389 
447 
348 
249 
190 
476 
284 
494 
268 
560 
456 
631 
631 
453 
569 
315 
509 
663 
413 
470 
347 
379 
452 
381 
586 
505 
419 
312 
336 
342 
347 
600 
518 
535 
499 
481 
435 
285 
476 
431 
515 
458 
423 
360 
247 
509 
467 
327 
485 
408 
364 
415 
179 
558 
248 
392 
310 
372 
439 
388 
569 
253 
475 
525 
411 
433 
515 
445 
363 
507 
425 
693 
379 
145 
397 
381 
358 
580 
868 
381 
464 
397 
457 
487 
370 
319 
593 
335 
594 
538 
497 
245 
593 
367 
470 
220 
423 
412 
473 
438 
460 
588 
295 
420 
412 
529 
267 
590 
385 
403 
473 
424 
619 
333 
229 
356 
288 
467 
501 
251 
380 
279 
501 
581 
198 
397 
178 
483 
325 
224 
311 
357 
390 
309 
495 
498 
401 
339 
209 
505 
476 
426 
255 
407 
551 
343 
303 
466 
353 
427 
434 
406 
358 
225 
390 
582 
368 
545 
411 
463 
437 
297 
445 
620 
415 
552 
414 
452 
431 
445 
564 
337 
266 
334 
304 
415 
373 
341 
267 
421 
386 
424 
436 
550 
368 
368 
491 
335 
444 
271 
354 
608 
536 
540 
259 
518 
248 
554 
617 
297 
368 
592 
332 
643 
302 
774 
414 
225 
386 
409 
434 
274 
345 
333 
709 
536 
506 
438 
426 
493 
440 
489 
239 
302 
325 
333 
569 
712 
604 
515 
457 
375 
812 
424 
284 
507 
312 
446 
460 
336 
370 
325 
482 
481 
500 
493 
575 
224 
302 
588 
405 
625 
551 
443 
328 
360 
237 
460 
387 
459 
394 
265 
508 
510 
487 
386 
312 
318 
529 
480 
594 
453 
437 
358 
493 
474 
487 
292 
693 
370 
315 
203 
293 
524 
590 
348 
573 
426 
383 
430 
257 
505 
565 
339 
374 
371 
313 
386 
372 
333 
372 
589 
522 
341 
423 
273 
507 
581 
160 
482 
481 
372 
248 
391 
170 
258 
588 
199 
436 
461 
220 
403 
347 
469 
441 
355 
419 
250 
524 
264 
266 
495 
390 
362 
543 
552 
214 
386 
517 
336 
411 
408 
263 
501 
430 
451 
453 
390 
523 
427 
481 
249 
535 
405 
411 
394 
671 
290 
536 
360 
469 
229 
425 
609 
413 
411 
551 
638 
423 
507 
434 
460 
186 
425 
354 
343 
536 
477 
295 
610 
224 
248 
439 
459 
551 
344 
292 
205 
438 
372 
192 
399 
583 
283 
462 
518 
662 
535 
688 
391 
353 
441 
393 
560 
473 
379 
293 
371 
577 
425 
458 
477 
360 
358 
544 
227 
440 
455 
402 
421 
646 
569 
580 
435 
279 
547 
222 
498 
382 
462 
414 
316 
247 
628 
325 
396 
324 
566 
615 
397 
531 
363 
343 
469 
299 
428 
560 
719 
524 
481 
317 
520 
601 
466 
312 
362 
247 
338 
503 
384 
377 
292 
576 
511 
364 
521 
439 
421 
530 
468 
217 
498 
245 
436 
257 
225 
484 
296 
407 
428 
559 
295 
518 
459 
470 
593 
485 
512 
456 
525 
470 
140 
314 
432 
534 
417 
384 
426 
560 
315 
562 
455 
330 
594 
375 
398 
452 
446 
296 
332 
345 
254 
385 
230 
394 
571 
560 
377 
389 
254 
418 
415 
426 
553 
244 
349 
827 
538 
418 
411 
348 
307 
423 
657 
533 
457 
291 
282 
509 
338 
600 
616 
638 
659 
348 
435 
436 
284 
601 
275 
544 
370 
400 
488 
390 
286 
375 
303 
629 
264 
487 
456 
422 
502 
497 
767 
616 
290 
310 
536 
423 
417 
136 
483 
293 
455 
449 
475 
536 
554 
432 
334 
536 
548 
356 
243 
627 
366 
282 
255 
308 
643 
457 
344 
401 
328 
299 
536 
385 
348 
398 
426 
488 
205 
615 
586 
502 
395 
326 
430 
447 
387 
205 
583 
487 
219 
490 
424 
413 
342 
356 
377 
445 
658 
273 
544 
291 
463 
444 
445 
545 
651 
238 
377 
335 
320 
573 
786 
486 
489 
354 
389 
282 
251 
319 
473 
369 
509 
472 
475 
471 
497 
448 
329 
665 
346 
374 
244 
458 
546 
447 
357 
366 
421 
376 
212 
693 
506 
492 
286 
411 
313 
131 
377 
442 
387 
512 
524 
537 
194 
347 
399 
321 
468 
705 
317 
563 
447 
470 
607 
363 
497 
417 
300 
501 
338 
441 
672 
507 
454 
407 
417 
485 
183 
325 
373 
481 
475 
549 
167 
433 
651 
636 
382 
401 
252 
420 
434 
242 
661 
362 
312 
317 
379 
332 
414 
339 
501 
372 
428 
493 
415 
385 
486 
364 
391 
339 
541 
374 
422 
369 
353 
279 
220 
500 
663 
289 
478 
484 
485 
334 
437 
322 
402 
316 
231 
412 
321 
284 
337 
253 
550 
293 
250 
290 
317 
434 
431 
529 
335 
623 
410 
333 
339 
215 
334 
274 
277 
366 
534 
349 
606 
218 
502 
396 
371 
505 
503 
620 
464 
381 
376 
322 
202 
648 
382 
450 
314 
292 
355 
321 
407 
366 
430 
457 
423 
577 
310 
573 
256 
352 
484 
480 
447 
896 
415 
163 
362 
868 
424 
227 
422 
721 
569 
575 
603 
301 
454 
372 
324 
320 
545 
361 
401 
403 
781 
520 
388 
440 
533 
470 
545 
509 
446 
446 
362 
311 
329 
374 
299 
332 
451 
283 
350 
270 
618 
561 
330 
439 
305 
497 
463 
328 
623 
331 
453 
576 
558 
520 
515 
622 
355 
554 
438 
456 
390 
603 
410 
584 
417 
495 
413 
515 
422 
359 
585 
291 
222 
317 
583 
570 
170 
364 
299 
432 
378 
494 
248 
291 
340 
424 
291 
327 
467 
433 
502 
384 
368 
434 
247 
438 
346 
445 
506 
490 
675 
467 
303 
343 
526 
632 
260 
415 
475 
318 
428 
289 
301 
490 
259 
560 
538 
418 
557 
659 
670 
243 
416 
239 
594 
305 
402 
665 
313 
315 
455 
510 
383 
447 
573 
431 
411 
308 
631 
657 
476 
441 
460 
210 
592 
570 
285 
460 
338 
412 
359 
519 
334 
640 
634 
428 
488 
559 
319 
536 
392 
180 
518 
416 
397 
452 
440 
392 
459 
492 
504 
460 
375 
272 
391 
264 
466 
454 
369 
376 
383 
488 
406 
512 
552 
631 
577 
224 
345 
399 
571 
529 
156 
468 
503 
525 
451 
810 
431 
582 
396 
202 
404 
242 
444 
370 
775 
497 
539 
493 
272 
404 
337 
528 
283 
516 
448 
330 
408 
699 
493 
212 
343 
500 
503 
176 
345 
417 
356 
288 
464 
315 
648 
387 
415 
551 
282 
426 
239 
386 
277 
435 
442 
420 
434 
379 
278 
522 
452 
267 
649 
441 
373 
427 
388 
284 
331 
566 
312 
283 
507 
338 
459 
246 
459 
481 
338 
457 
274 
212 
413 
399 
461 
352 
562 
334 
280 
635 
424 
324 
199 
472 
259 
477 
730 
553 
462 
313 
415 
224 
339 
425 
367 
498 
425 
392 
346 
348 
383 
429 
209 
587 
489 
364 
462 
306 
370 
351 
421 
526 
372 
336 
411 
278 
405 
471 
454 
309 
357 
320 
262 
396 
264 
323 
560 
367 
506 
357 
665 
448 
334 
559 
264 
544 
648 
403 
550 
373 
369 
522 
444 
358 
435 
388 
239 
381 
597 
479 
293 
237 
350 
560 
550 
286 
579 
489 
256 
287 
620 
462 
593 
310 
419 
660 
379 
759 
352 
408 
322 
454 
242 
534 
606 
417 
348 
369 
505 
720 
520 
323 
260 
421 
366 
452 
533 
216 
573 
345 
408 
219 
389 
492 
565 
595 
265 
336 
363 
502 
299 
487 
137 
510 
337 
353 
465 
508 
558 
466 
443 
365 
495 
352 
405 
347 
448 
258 
318 
264 
308 
543 
420 
457 
393 
529 
234 
382 
566 
368 
406 
328 
408 
249 
550 
273 
600 
292 
246 
501 
490 
557 
322 
286 
332 
553 
327 
577 
385 
536 
423 
718 
390 
462 
605 
297 
634 
359 
334 
396 
394 
501 
328 
632 
523 
572 
288 
455 
318 
453 
427 
396 
327 
620 
644 
342 
432 
456 
448 
548 
494 
431 
438 
561 
548 
330 
503 
422 
409 
251 
471 
615 
